0
14
20
26
30
33
37
38
41
60
63
79
80
91
93
100
101
104
115
127
134
146
159
166
168
183
190
194
210
212
237
250
257
265
274
279
281
282
293
306
326
332
337
342
346
367
375
405
415
429
456
467
468
474
484
488
490
492
505
507
525
535
544
550
583
593
610
612
632
643
653
668
698
704
705
722
735
737
750
751
757
759
770
802
813
822
841
847
866
872
875
886
889
892
913
918
925
967
974
976
986
1010
1023
1026
1040
1051
1056
1061
1070
1072
1082
1098
1107
1110
1112
1123
1132
1148
1154
1170
1185
1201
1208
1209
1227
1246
1247
1275
1313
1319
1327
1329
1335
1341
1351
1362
1364
1378
1392
1402
1426
1441
1444
1446
1449
1474
1479
1481
1486
1491
1506
1512
1514
1515
1516
1542
1560
1562
1572
1580
1582
1596
1614
1615
1626
1648
1650
1682
1693
1701
1704
1707
1710
1711
1715
1723
1724
1730
1736
1757
1784
1807
1808
1809
1829
1840
1843
1849
1877
1883
1924
1934
1953
1956
1959
1961
1972
1973
1988
1995
2006
2007
2016
2028
2031
2043
2046
2058
2062
2064
2082
2085
2089
2094
2101
2106
2120
2127
2131
2158
2162
2173
2187
2190
2194
2196
2209
2214
2224
2259
2267
2270
2286
2290
2292
2301
2308
2316
2326
2328
2358
2382
2389
2401
2423
2430
2440
2453
2464
2476
2480
2488
2497
2499
2516
2527
2539
2554
2556
2568
2591
2593
2606
2607
2609
2616
2628
2630
2639
2655
2663
2672
2683
2690
2696
2697
2711
2731
2732
2741
2743
2745
2785
2797
2810
2828
2847
2855
2858
2866
2875
2876
2879
2886
2894
2896
2910
2922
2925
3000
3016
3020
3026
3028
3053
3078
3079
3103
3106
3139
3144
3171
3176
3180
3186
3193
3210
3214
3224
3234
3253
3283
3300
3305
3309
3351
3352
3376
3379
3385
3388
3394
3397
3418
3421
3423
3427
3439
3459
3461
3478
3507
3519
3523
3524
3527
3534
3559
3567
3576
3590
3599
3606
3612
3632
3638
3639
3658
3663
3675
3684
3691
3705
3709
3710
3716
3734
3739
3743
3748
3779
3814
3821
3824
3829
3848
3860
3865
3874
3880
3881
3925
3975
3978
3984
3986
3987
3998
4022
4028
4029
4036
4047
4052
4054
4063
4081
4083
4092
4104
4128
4130
4137
4158
4168
4198
4199
4200
4207
4233
4235
4239
4241
4266
4276
4288
4293
4298
4302
4314
4316
4318
4340
4344
4349
4353
4361
4362
4364
4367
4396
4408
4412
4434
4437
4449
4450
4451
4454
4455
4456
4468
4478
4480
4497
4506
4521
4531
4548
4564
4569
4578
4590
4594
4607
4613
4617
4624
4626
4634
4639
4663
4673
4674
4682
4696
4711
4719
4729
4730
4750
4767
4771
4772
4775
4776
4779
4793
4799
4831
4838
4842
4846
4868
4872
4911
4916
4947
4952
4956
4959
4963
4965
4991
4995
4997
4999
5001
5011
5033
5036
5039
5068
5086
5088
5099
5102
5106
5110
5116
5122
5126
5138
5148
5154
5162
5165
5172
5173
5174
5178
5196
5199
5217
5220
5224
5226
5229
5238
5241
5257
5259
5275
5284
5297
5304
5311
5315
5327
5329
5340
5348
5354
5368
5381
5384
5386
5393
5401
5423
5433
5458
5467
5480
5491
5495
5503
5519
5530
5531
5573
5586
5596
5607
5608
5610
5612
5645
5675
5680
5684
5701
5702
5718
5722
5744
5761
5763
5770
5772
5779
5794
5811
5816
5831
5833
5839
5890
5897
5898
5920
5927
5944
5954
5961
5966
5969
5975
5982
5996
6033
6044
6048
6062
6077
6078
6087
6105
6121
6123
6127
6128
6147
6169
6171
6182
6200
6215
6219
6232
6243
6253
6259
6263
6276
6277
6292
6293
6300
6306
6311
6315
6320
6343
6357
6372
6376
6381
6400
6415
6432
6435
6457
6458
6459
6463
6476
6484
6498
6503
6512
6517
6544
6546
6551
6554
6569
6578
6594
6602
6610
6626
6634
6635
6651
6659
6687
6698
6726
6741
6744
6746
6755
6768
6779
6797
6801
6820
6823
6825
6830
6845
6851
6855
6862
6920
6943
6964
6977
6979
6992
6998
7007
7027
7034
7035
7043
7048
7049
7068
7072
7078
7080
7095
7098
7101
7103
7121
7126
7136
7138
7180
7184
7185
7190
7197
7201
7211
7221
7232
7239
7240
7244
7249
7251
7253
7268
7275
7281
7283
7285
7306
7316
7325
7330
7338
7342
7346
7348
7352
7363
7369
7377
7385
7389
7390
7399
7409
7412
7422
7430
7449
7456
7463
7468
7473
7481
7483
7487
7488
7489
7495
7524
7527
7528
7533
7538
7544
7553
7556
7568
7569
7579
7587
7603
7619
7623
7633
7637
7650
7651
7658
7667
7675
7676
7686
7709
7729
7731
7733
7741
7746
7749
7754
7757
7772
7774
7790
7791
7793
7795
7797
7818
7826
7843
7844
7846
7847
7861
7868
7890
7895
7914
7920
7925
7931
7943
7959
7961
7972
7984
7998
8010
8011
8014
8022
8041
8053
8064
8098
8103
8105
8108
8115
8143
8152
8171
8184
8194
8195
8203
8218
8220
8222
8229
8243
8245
8249
8255
8279
8284
8286
8313
8325
8338
8349
8353
8358
8364
8370
8390
8403
8421
8435
8443
8449
8453
8491
8505
8516
8547
8558
8561
8565
8569
8574
8596
8606
8607
8611
8612
8616
8618
8661
8668
8673
8691
8699
8712
8713
8725
8727
8730
8748
8751
8769
8773
8782
8798
8804
8819
8827
8833
8841
8858
8864
8871
8877
8891
8892
8895
8898
8902
8922
8952
8956
8960
8968
8976
8978
8986
9002
9033
9055
9062
9076
9084
9104
9115
9122
9124
9133
9135
9145
9169
9184
9188
9200
9203
9212
9216
9226
9253
9262
9277
9285
9292
9306
9320
9322
9326
9330
9336
9360
9367
9378
9395
9402
9405
9408
9409
9421
9422
9428
9446
9480
9513
9545
9573
9585
9593
9596
9597
9600
9602
9603
9611
9625
9628
9634
9637
9649
9661
9665
9673
9675
9676
9687
9710
9714
9722
9743
9758
9780
9790
9804
9832
9833
9850
9859
9860
9877
9885
9916
9918
9924
9927
9943
9959
9961
9966
9970
9980
9987
10009
10027
10051
10061
10064
10068
10069
10071
10072
10091
10093
10095
10109
10114
10136
10179
10183
10205
10214
10228
10237
10274
10292
10297
10303
10311
10326
10341
10348
10359
10376
10402
10407
10411
10417
10418
10437
10438
10442
10447
10469
10472
10503
10511
10514
10525
10528
10537
10545
10554
10564
10572
10576
10584
10624
10635
10636
10660
10665
10667
10668
10676
10716
10728
10737
10744
10765
10775
10781
10787
10812
10818
10825
10842
10844
10857
10869
10875
10879
10896
10897
10900
10932
10940
10946
10948
10952
10954
10964
10967
10973
10984
10990
10998
11015
11036
11038
11044
11050
11059
11062
11080
11093
11115
11146
11150
11160
11163
11178
11185
11188
11199
11208
11219
11231
11240
11242
11265
11267
11296
11320
11322
11338
11344
11371
11376
11379
11406
11423
11434
11441
11460
11466
11470
11475
11483
11489
11505
11520
11541
11542
11547
11576
11579
11580
11584
11611
11623
11626
11630
11635
11643
11646
11652
11675
11676
11677
11680
11688
11691
11695
11703
11715
11716
11730
11772
11773
11783
11786
11787
11794
11805
11808
11811
11813
11823
11839
11845
11846
11860
11893
11900
11901
11920
11927
11930
11932
11938
11977
11980
11989
11991
11998
11999
12008
12037
12039
12058
12072
12074
12099
12116
12142
12143
12167
12169
12178
12183
12189
12200
12202
12208
12209
12215
12217
12224
12239
12243
12245
12269
12275
12281
12308
12313
12327
12341
12360
12362
12381
12385
12387
12406
12408
12418
12432
12438
12442
12449
12457
12469
12472
12500
12521
12540
12545
12557
12560
12562
12563
12569
12573
12578
12580
12588
12589
12598
12599
12640
12644
12646
12649
12653
12657
12666
12668
12678
12713
12724
12726
12727
12731
12737
12741
12755
12799
12801
12811
12816
12824
12826
12842
12845
12851
12861
12863
12869
12874
12880
12881
12882
12890
12901
12909
12917
12930
12942
12958
12960
12962
12995
12996
13018
13025
13032
13041
13043
13045
13058
13071
13073
13084
13089
13103
13126
13131
13132
13134
13139
13185
13214
13231
13238
13241
13243
13244
13250
13266
13284
13294
13300
13307
13326
13339
13345
13346
13347
13370
13381
13390
13401
13427
13434
13454
13461
13463
13464
13482
13493
13502
13506
13520
13524
13547
13570
13582
13599
13605
13616
13619
13630
13632
13634
13662
13663
13667
13668
13675
13682
13690
13691
13702
13713
13723
13725
13731
13739
13748
13770
13774
13781
13783
13796
13849
13855
13856
13859
13860
13867
13888
13903
13904
13907
13914
13928
13932
13940
13949
13958
13966
13970
14005
14042
14076
14082
14083
14085
14095
14107
14111
14118
14119
14144
14145
14177
14190
14208
14217
14230
14233
14236
14251
14254
14262
14265
14288
14291
14295
14302
14318
14322
14327
14328
14329
14331
14334
14337
14373
14379
14380
14383
14385
14413
14419
14423
14429
14440
14443
14445
14455
14469
14473
14474
14478
14489
14505
14507
14524
14531
14542
14544
14555
14559
14564
14576
14587
14591
14595
14598
14600
14603
14616
14625
14630
14657
14658
14687
14694
14699
14710
14715
14716
14722
14732
14735
14745
14746
14748
14749
14751
14754
14793
14794
14809
14820
14837
14841
14849
14854
14872
14873
14898
14903
14949
14955
14975
14981
14988
14994
14995
15011
15027
15034
15038
15044
15055
15069
15074
15076
15091
15099
15103
15125
15134
15146
15150
15180
15182
15189
15194
15212
15216
15229
15238
15245
15252
15258
15275
15279
15283
15286
15288
15298
15299
15312
15316
15326
15334
15340
15346
15352
15370
15373
15374
15391
15407
15409
15419
15446
15448
15486
15517
15533
15537
15551
15561
15562
15564
15580
15586
15592
15593
15607
15625
15646
15648
15670
15672
15688
15701
15706
15711
15717
15724
15725
15731
15744
15745
15747
15748
15774
15780
15789
15792
15842
15866
15873
15881
15887
15915
15934
15947
15959
15978
16001
16006
16014
16028
16033
16039
16040
16045
16055
16059
16060
16061
16070
16075
16098
16099
16101
16111
16125
16131
16143
16147
16150
16191
16213
16230
16254
16261
16267
16269
16278
16286
16292
16298
16299
16321
16326
16327
16330
16346
16356
16357
16381
16382
16392
16395
16427
16436
16440
16457
16461
16463
16470
16495
16499
16504
16507
16518
16534
16539
16553
16584
16585
16586
16598
16609
16615
16621
16623
16624
16626
16630
16632
16638
16646
16655
16662
16680
16711
16719
16756
16759
16799
16800
16819
16828
16844
16856
16869
16902
16912
16930
16938
16950
16952
16963
16973
16980
16981
16992
16997
17006
17013
17027
17028
17031
17040
17049
17050
17056
17081
17097
17105
17128
17133
17136
17147
17158
17166
17185
17190
17202
17203
17213
17235
17244
17247
17252
17257
17275
17278
17290
17293
17299
17315
17317
17324
17326
17334
17339
17385
17398
17422
17426
17467
17468
17502
17522
17543
17558
17559
17561
17563
17602
17610
17611
17613
17616
17635
17641
17643
17664
17674
17684
17686
17693
17705
17715
17747
17755
17761
17778
17782
17788
17803
17810
17852
17859
17861
17884
17888
17901
17917
17931
17934
17954
17956
17967
17968
17973
17984
17986
17990
18022
18045
18053
18061
18068
18084
18112
18116
18123
18126
18130
18139
18145
18151
18158
18160
18172
18176
18223
18235
18237
18257
18273
18278
18289
18300
18302
18311
18326
18336
18354
18360
18365
18380
18389
18392
18422
18423
18428
18433
18446
18448
18460
18474
18480
18493
18514
18533
18543
18544
18555
18562
18569
18622
18624
18642
18655
18660
18664
18665
18668
18670
18672
18677
18681
18686
18688
18695
18715
18717
18729
18736
18740
18741
18747
18768
18782
18831
18836
18837
18842
18852
18863
18868
18874
18881
18882
18885
18900
18901
18911
18919
18938
18941
18942
18962
18975
18983
19004
19005
19017
19024
19038
19044
19066
19068
19074
19077
19085
19087
19088
19104
19105
19112
19119
19124
19132
19140
19168
19186
19189
19204
19209
19219
19225
19234
19241
19246
19252
19258
19261
19268
19298
19301
19308
19311
19333
19361
19382
19383
19386
19408
19424
19432
19434
19441
19450
19473
19486
19492
19493
19498
19505
19511
19532
19536
19568
19580
19583
19597
19622
19628
19633
19651
19663
19664
19680
19682
19685
19702
19704
19706
19711
19716
19719
19720
19724
19752
19753
19758
19759
19763
19764
19766
19782
19785
19799
19825
19826
19831
19833
19846
19848
19869
19873
19876
19884
19903
19910
19914
19926
19927
19934
19942
19959
19985
19986
19997
20006
20038
20044
20068
20086
20092
20103
20112
20138
20178
20203
20215
20222
20231
20246
20247
20250
20254
20255
20256
20260
20265
20298
20308
20318
20322
20323
20327
20334
20335
20375
20382
20397
20406
20408
20411
20427
20436
20437
20438
20442
20475
20492
20502
20523
20530
20556
20573
20575
20580
20583
20599
20603
20621
20672
20677
20678
20684
20694
20703
20721
20730
20754
20761
20790
20800
20806
20810
20827
20829
20859
20881
20914
20918
20927
20935
20951
20973
20981
20984
20989
20992
20993
20999
21018
21039
21058
21076
21084
21091
21094
21099
21110
21114
21116
21118
21123
21136
21137
21144
21159
21166
21186
21200
21205
21249
21263
21285
21288
21290
21296
21303
21304
21309
21311
21340
21355
21359
21360
21375
21376
21378
21379
21393
21401
21405
21409
21414
21417
21434
21437
21443
21447
21466
21473
21490
21510
21519
21521
21528
21567
21581
21582
21599
21623
21632
21646
21649
21651
21674
21725
21738
21745
21771
21779
21797
21801
21805
21857
21860
21881
21911
21955
21962
21970
21975
22007
22010
22012
22026
22048
22068
22072
22087
22091
22102
22115
22121
22132
22181
22192
22231
22255
22259
22260
22264
22276
22280
22283
22296
22316
22331
22337
22345
22368
22374
22381
22401
22402
22405
22414
22421
22428
22434
22439
22442
22444
22455
22460
22489
22520
22529
22544
22555
22562
22566
22569
22575
22594
22602
22609
22618
22633
22635
22660
22675
22684
22688
22698
22704
22708
22711
22724
22750
22764
22787
22798
22816
22837
22860
22861
22871
22872
22898
22900
22916
22919
22922
22943
22944
22954
22960
22971
23003
23023
23026
23040
23048
23060
23096
23105
23111
23123
23125
23168
23169
23185
23199
23218
23245
23246
23249
23263
23265
23267
23270
23276
23298
23303
23328
23345
23353
23388
23395
23401
23412
23426
23427
23430
23431
23441
23455
23473
23508
23513
23516
23525
23538
23540
23542
23549
23553
23560
23563
23583
23609
23618
23628
23647
23651
23677
23684
23685
23708
23721
23725
23732
23736
23742
23778
23839
23841
23845
23849
23859
23863
23866
23872
23877
23887
23889
23890
23897
23910
23924
23927
23974
23989
24003
24007
24021
24024
24047
24048
24051
24067
24081
24082
24086
24088
24091
24102
24120
24133
24145
24147
24195
24201
24205
24207
24210
24233
24242
24250
24252
24253
24256
24276
24277
24279
24280
24291
24304
24307
24321
24332
24334
24342
24345
24375
24410
24417
24429
24432
24452
24457
24458
24470
24505
24514
24525
24535
24547
24574
24578
24607
24615
24624
24631
24648
24661
24680
24691
24704
24723
24725
24746
24785
24796
24799
24810
24814
24828
24843
24844
24851
24859
24868
24875
24879
24897
24914
24915
24923
24938
24941
24942
24943
24951
24961
24973
24974
24982
24987
25000
25009
25014
25016
25022
25037
25054
25067
25074
25076
25117
25120
25127
25128
25162
25183
25187
25190
25192
25194
25195
25201
25204
25210
25228
25249
25259
25284
25306
25313
25314
25326
25339
25356
25363
25371
25372
25373
25376
25384
25386
25403
25414
25418
25436
25437
25438
25444
25448
25468
25486
25493
25524
25525
25539
25566
25568
25571
25573
25599
25616
25621
25632
25653
25683
25691
25701
25703
25710
25713
25723
25735
25737
25749
25769
25774
25775
25776
25781
25783
25790
25795
25817
25819
25822
25835
25843
25850
25857
25882
25885
25888
25898
25900
25914
25916
25920
25927
25929
25932
25937
25938
25940
25949
25954
25963
25972
25974
25981
25982
25983
26033
26050
26057
26083
26084
26086
26089
26094
26095
26098
26102
26107
26110
26111
26120
26129
26130
26141
26168
26184
26190
26215
26237
26245
26250
26253
26280
26292
26296
26308
26310
26311
26332
26341
26369
26374
26380
26388
26401
26402
26404
26405
26415
26423
26432
26433
26444
26455
26458
26460
26467
26469
26481
26486
26487
26489
26510
26511
26516
26525
26552
26564
26590
26595
26599
26604
26614
26615
26625
26628
26636
26693
26699
26713
26726
26753
26759
26763
26781
26802
26810
26829
26830
26848
26850
26866
26882
26890
26897
26899
26904
26915
26917
26919
26926
26927
26928
26933
26935
26936
26941
26943
26964
26981
26992
27014
27042
27059
27063
27069
27079
27080
27090
27102
27108
27129
27130
27137
27146
27147
27150
27168
27172
27188
27202
27230
27251
27253
27260
27262
27273
27285
27300
27333
27335
27348
27357
27362
27398
27404
27415
27424
27463
27480
27482
27484
27509
27522
27525
27526
27553
27563
27566
27575
27577
27596
27634
27635
27645
27648
27654
27657
27665
27678
27686
27694
27698
27705
27718
27719
27720
27722
27727
27739
27750
27762
27773
27791
27802
27828
27836
27839
27844
27849
27859
27867
27884
27903
27913
27920
27935
27940
27955
27960
27976
27983
28008
28019
28034
28040
28045
28047
28056
28059
28063
28065
28068
28077
28083
28085
28090
28100
28102
28105
28112
28114
28132
28150
28152
28158
28159
28163
28164
28186
28188
28220
28228
28229
28230
28231
28236
28240
28249
28271
28291
28339
28341
28342
28346
28371
28375
28377
28401
28403
28422
28433
28457
28461
28465
28469
28478
28483
28498
28510
28525
28530
28536
28554
28576
28588
28589
28600
28607
28611
28617
28618
28624
28640
28649
28651
28667
28693
28696
28711
28712
28745
28747
28748
28759
28762
28763
28765
28767
28777
28798
28799
28810
28831
28834
28858
28861
28883
28884
28893
28894
28899
28904
28924
28925
28964
28965
28977
29005
29014
29023
29029
29035
29039
29040
29057
29069
29081
29091
29130
29136
29140
29148
29161
29171
29174
29208
29210
29219
29232
29237
29239
29258
29287
29296
29312
29315
29323
29335
29343
29367
29369
29370
29374
29398
29421
29458
29459
29460
29462
29465
29475
29479
29480
29485
29507
29510
29518
29530
29539
29545
29546
29564
29571
29584
29594
29602
29607
29624
29628
29633
29639
29643
29647
29651
29662
29693
29715
29719
29727
29730
29737
29739
29753
29760
29765
29783
29792
29794
29804
29823
29832
29838
29842
29857
29862
29870
29918
29923
29926
29931
29942
29948
29955
29957
29981
29986
29993
30002
30015
30030
30034
30036
30037
30055
30065
30067
30070
30073
30079
30092
30109
30112
30115
30116
30118
30133
30136
30137
30156
30163
30177
30192
30195
30200
30203
30218
30219
30264
30265
30268
30271
30274
30275
30288
30307
30341
30354
30361
30368
30369
30380
30381
30382
30416
30418
30434
30437
30442
30452
30478
30494
30508
30514
30516
30533
30538
30544
30553
30585
30604
30631
30633
30635
30644
30653
30654
30658
30666
30685
30695
30698
30713
30714
30716
30739
30746
30768
30773
30774
30795
30800
30806
30818
30822
30827
30828
30833
30834
30837
30842
30856
30867
30879
30887
30888
30903
30906
30907
30922
30933
30938
30944
30965
30970
30975
30985
30997
30999
31003
31007
31009
31044
31045
31046
31051
31058
31082
31085
31097
31120
31129
31133
31145
31151
31154
31158
31174
31213
31235
31244
31246
31251
31255
31257
31285
31290
31292
31310
31333
31339
31349
31360
31363
31370
31373
31378
31382
31388
31398
31403
31410
31431
31432
31453
31488
31490
31515
31518
31529
31544
31547
31555
31565
31566
31567
31569
31575
31578
31579
31590
31602
31605
31611
31618
31646
31651
31654
31670
31671
31675
31686
31687
31688
31695
31728
31754
31756
31781
31784
31785
31791
31797
31821
31823
31832
31835
31844
31853
31868
31870
31873
31874
31876
31881
31900
31912
31924
31926
31950
31953
31955
31972
31982
31988
31989
32005
32009
32037
32044
32046
32061
32079
32085
32103
32108
32112
32123
32130
32141
32149
32167
32186
32188
32206
32214
32221
32231
32246
32247
32248
32254
32268
32275
32276
32319
32333
32334
32342
32351
32357
32368
32371
32374
32375
32383
32405
32407
32416
32429
32469
32494
32509
32524
32525
32539
32549
32554
32557
32560
32566
32569
32600
32605
32612
32622
32636
32677
32694
32711
32713
32717
32723
32724
32729
32730
32741
32743
32750
32756
32770
32773
32795
32803
32804
32814
32830
32834
32845
32846
32873
32877
32880
32885
32896
32909
32911
32917
32918
32922
32932
32957
32967
32970
33001
33007
33014
33019
33034
33040
33051
33061
33064
33074
33081
33085
33086
33090
33100
33107
33109
33112
33141
33150
33156
33158
33159
33166
33179
33189
33194
33199
33218
33222
33225
33242
33248
33251
33265
33270
33302
33308
33309
33312
33313
33334
33349
33368
33371
33409
33411
33416
33423
33436
33437
33447
33452
33456
33472
33481
33487
33498
33540
33562
33571
33577
33583
33594
33598
33615
33631
33637
33639
33642
33656
33666
33673
33676
33721
33738
33753
33754
33771
33776
33785
33787
33803
33804
33808
33832
33834
33842
33849
33870
33904
33905
33907
33924
33933
33942
33971
33978
33992
33995
33996
34016
34064
34072
34076
34080
34087
34096
34106
34111
34115
34148
34152
34156
34160
34181
34205
34210
34224
34233
34246
34252
34255
34271
34290
34294
34299
34314
34321
34324
34343
34344
34353
34388
34395
34403
34404
34440
34488
34491
34492
34499
34518
34527
34535
34546
34549
34550
34551
34553
34556
34570
34600
34602
34610
34617
34622
34625
34635
34664
34674
34676
34710
34713
34735
34736
34772
34782
34798
34799
34801
34816
34825
34854
34868
34882
34888
34902
34913
34927
34930
34934
34943
34946
34955
34957
34959
34963
34969
34979
34981
34988
34999
35007
35014
35021
35024
35029
35051
35082
35090
35106
35107
35108
35110
35123
35130
35131
35152
35162
35172
35174
35196
35202
35205
35208
35242
35243
35251
35265
35266
35268
35277
35278
35287
35289
35296
35300
35305
35306
35307
35327
35338
35352
35355
35362
35379
35417
35442
35445
35450
35451
35456
35471
35476
35477
35492
35496
35522
35524
35535
35552
35559
35564
35566
35571
35580
35592
35594
35609
35613
35614
35615
35616
35627
35636
35643
35646
35650
35663
35670
35679
35688
35698
35711
35738
35755
35762
35765
35771
35803
35815
35826
35868
35872
35885
35894
35897
35898
35902
35904
35916
35925
35939
35956
35990
35992
35994
35995
36012
36049
36053
36063
36072
36086
36104
36117
36128
36131
36149
36156
36157
36166
36167
36186
36189
36195
36204
36209
36224
36229
36272
36273
36277
36315
36323
36332
36335
36340
36341
36362
36373
36393
36398
36403
36423
36424
36429
36431
36435
36463
36465
36481
36485
36501
36508
36525
36534
36539
36548
36558
36571
36572
36581
36591
36593
36596
36597
36604
36609
36613
36623
36624
36633
36635
36640
36649
36658
36661
36668
36680
36681
36683
36707
36711
36729
36741
36747
36752
36755
36756
36767
36770
36784
36785
36789
36793
36795
36797
36804
36827
36829
36851
36865
36875
36882
36901
36908
36915
36944
36954
36956
36965
36966
36982
36996
36998
37003
37019
37021
37064
37066
37071
37086
37087
37091
37092
37097
37125
37126
37152
37160
37161
37183
37188
37212
37246
37247
37255
37258
37270
37274
37275
37285
37290
37292
37294
37331
37336
37337
37338
37355
37356
37369
37382
37385
37416
37426
37432
37455
37495
37500
37503
37505
37509
37514
37530
37533
37547
37559
37562
37567
37571
37576
37581
37601
37612
37615
37624
37625
37630
37650
37655
37669
37680
37692
37695
37699
37725
37726
37743
37759
37772
37773
37774
37781
37791
37793
37800
37816
37836
37838
37839
37843
37847
37863
37869
37887
37894
37895
37903
37905
37907
37917
37918
37924
37934
37938
37968
37970
37974
37994
37995
38003
38025
38028
38033
38044
38051
38056
38059
38079
38086
38097
38105
38110
38111
38115
38138
38150
38159
38177
38183
38186
38205
38213
38220
38223
38225
38246
38255
38268
38275
38280
38289
38294
38302
38312
38319
38320
38351
38355
38367
38372
38390
38404
38417
38435
38455
38462
38482
38485
38491
38501
38516
38518
38522
38534
38543
38549
38559
38560
38603
38637
38639
38649
38653
38659
38668
38669
38675
38682
38703
38709
38712
38721
38729
38738
38740
38752
38764
38765
38776
38783
38785
38813
38827
38828
38837
38852
38859
38869
38881
38888
38889
38898
38904
38916
38920
38922
38924
38925
38941
38949
38950
38957
38961
38971
38996
38999
39008
39009
39015
39031
39058
39074
39090
39106
39119
39125
39132
39137
39145
39149
39159
39161
39181
39190
39210
39235
39246
39256
39257
39258
39268
39276
39292
39294
39299
39302
39310
39313
39318
39320
39328
39334
39342
39345
39370
39374
39376
39394
39403
39405
39430
39432
39433
39445
39457
39469
39495
39517
39522
39524
39529
39553
39557
39581
39587
39589
39597
39606
39624
39639
39652
39653
39654
39674
39676
39680
39698
39712
39726
39743
39744
