1
2
9
10
11
12
13
16
18
21
24
25
28
32
37
40
45
48
53
55
58
60
65
66
67
71
73
74
77
78
80
82
86
89
93
97
104
105
108
112
117
118
120
122
125
126
132
136
138
141
143
145
148
151
152
153
154
155
156
159
161
162
163
165
166
172
174
178
179
186
187
189
190
191
192
193
195
197
198
201
202
203
204
206
207
209
211
212
213
215
220
223
226
228
229
232
233
234
235
236
237
238
240
244
249
253
256
258
262
269
271
272
276
277
281
282
287
294
296
297
298
301
302
305
307
310
314
317
320
324
328
329
331
336
338
340
342
350
352
354
355
358
362
363
364
365
368
370
371
372
374
375
378
384
386
389
390
391
392
393
400
402
403
404
406
412
417
419
421
427
432
436
437
441
442
444
446
453
458
463
475
481
486
488
489
490
492
493
495
496
498
502
504
507
508
514
515
519
522
523
524
525
526
529
534
537
539
541
544
545
546
552
555
556
557
559
560
561
564
565
569
570
571
572
574
581
583
587
589
591
593
595
597
598
599
603
609
612
614
615
619
627
628
629
630
632
634
636
639
645
646
650
652
654
660
661
663
665
666
667
669
670
671
672
678
680
684
685
687
689
690
691
692
693
694
698
699
706
709
712
713
717
719
721
726
727
728
731
737
739
745
755
760
765
767
768
769
770
771
773
777
778
779
780
781
783
784
785
786
787
788
792
793
797
798
799
801
804
806
807
808
814
815
816
818
822
823
827
830
834
835
840
845
846
849
851
853
854
855
857
858
859
860
861
864
865
867
869
870
876
877
882
885
886
887
889
892
893
894
897
899
901
904
909
910
916
917
918
919
920
922
923
924
929
931
935
940
941
942
946
947
951
954
955
956
957
966
968
969
974
975
983
986
987
988
989
992
995
997
999
1000
1001
1004
1007
1008
1013
1014
1015
1016
1017
1019
1021
1025
1030
1036
1040
1044
1048
1051
1054
1055
1058
1059
1060
1062
1067
1069
1070
1072
1073
1074
1079
1080
1081
1088
1089
1093
1094
1095
1098
1100
1102
1104
1105
1115
1116
1117
1120
1124
1125
1128
1129
1132
1134
1136
1137
1140
1141
1150
1151
1154
1155
1159
1160
1161
1164
1165
1167
1168
1169
1170
1171
1172
1173
1177
1181
1184
1189
1191
1193
1195
1196
1198
1200
1203
1204
1207
1209
1211
1212
1214
1218
1220
1221
1228
1229
1230
1234
1239
1240
1242
1244
1245
1248
1251
1252
1260
1262
1267
1268
1269
1271
1273
1279
1283
1284
1286
1289
1292
1294
1296
1299
1300
1301
1304
1306
1307
1308
1309
1312
1313
1316
1317
1319
1324
1340
1341
1342
1344
1353
1359
1361
1363
1364
1367
1375
1376
1378
1379
1380
1381
1382
1384
1386
1389
1390
1391
1392
1401
1403
1404
1407
1409
1410
1420
1424
1425
1428
1431
1435
1436
1438
1439
1445
1446
1447
1449
1460
1461
1462
1463
1466
1467
1468
1469
1473
1478
1481
1490
1492
1494
1495
1500
1502
1505
1506
1507
1509
1515
1517
1518
1519
1524
1525
1529
1531
1537
1538
1539
1541
1542
1543
1545
1546
1548
1549
1550
1551
1552
1556
1558
1559
1560
1564
1567
1573
1577
1578
1581
1582
1585
1587
1589
1591
1597
1600
1605
1607
1609
1613
1619
1620
1622
1625
1627
1628
1629
1630
1633
1636
1637
1638
1641
1645
1646
1648
1651
1652
1657
1658
1667
1672
1673
1674
1677
1678
1679
1682
1685
1689
1695
1696
1699
1700
1702
1706
1708
1716
1717
1721
1724
1725
1726
1727
1728
1733
1734
1735
1737
1742
1750
1752
1753
1754
1755
1756
1757
1759
1761
1762
1763
1764
1770
1772
1774
1777
1778
1779
1782
1784
1785
1789
1792
1797
1798
1800
1802
1806
1810
1813
1814
1816
1819
1820
1823
1824
1826
1828
1831
1832
1842
1843
1845
1848
1849
1850
1852
1854
1855
1856
1857
1861
1863
1867
1868
1874
1875
1881
1882
1883
1885
1892
1893
1895
1898
1899
1906
1907
1908
1909
1910
1913
1914
1917
1920
1925
1927
1930
1931
1932
1933
1936
1939
1942
1946
1948
1951
1956
1958
1960
1961
1963
1969
1970
1971
1974
1975
1980
1985
1986
1987
1988
1990
1993
1995
1996
1997
1998
2000
2005
2007
2011
2013
2014
2015
2017
2022
2023
2024
2027
2031
2032
2033
2035
2038
2040
2042
2044
2047
2048
2049
2050
2052
2062
2063
2064
2068
2071
2072
2073
2076
2077
2079
2080
2082
2083
2092
2093
2096
2097
2100
2102
2103
2104
2105
2106
2107
2108
2110
2113
2114
2116
2118
2120
2121
2123
2125
2130
2131
2137
2139
2143
2147
2148
2149
2151
2155
2156
2158
2159
2161
2164
2169
2170
2172
2176
2179
2181
2187
2190
2191
2192
2193
2196
2198
2200
2204
2212
2217
2219
2224
2230
2233
2239
2242
2243
2244
2248
2251
2253
2257
2261
2262
2263
2268
2272
2278
2282
2283
2284
2285
2287
2289
2292
2294
2295
2302
2307
2311
2313
2314
2317
2321
2327
2328
2330
2335
2336
2343
2345
2352
2353
2356
2363
2365
2367
2368
2370
2371
2373
2376
2378
2382
2384
2385
2389
2395
2396
2397
2399
2401
2402
2409
2410
2411
2413
2415
2418
2419
2421
2424
2426
2427
2428
2429
2430
2431
2433
2437
2440
2443
2451
2454
2460
2461
2462
2465
2468
2469
2472
2475
2479
2482
2484
2486
2488
2489
2490
2491
2494
2500
2502
2509
2510
2511
2513
2514
2515
2520
2521
2523
2524
2526
2530
2535
2537
2539
2542
2544
2547
2550
2551
2553
2555
2557
2560
2563
2565
2567
2568
2572
2573
2575
2576
2580
2581
2586
2590
2591
2594
2597
2599
2600
2601
2603
2607
2610
2612
2618
2620
2623
2625
2627
2630
2632
2637
2642
2643
2646
2648
2650
2651
2654
2658
2659
2660
2663
2665
2666
2667
2668
2670
2671
2672
2674
2682
2685
2686
2689
2690
2691
2693
2695
2696
2700
2706
2708
2709
2711
2716
2717
2719
2720
2721
2722
2723
2735
2738
2739
2741
2745
2747
2749
2750
2756
2757
2759
2761
2763
2765
2768
2773
2775
2776
2779
2780
2785
2786
2787
2793
2795
2800
2801
2808
2809
2810
2811
2817
2823
2824
2827
2828
2831
2832
2833
2835
2837
2839
2841
2843
2844
2849
2850
2852
2854
2860
2863
2866
2869
2871
2875
2877
2880
2881
2883
2886
2887
2888
2889
2890
2891
2892
2895
2902
2908
2911
2914
2917
2920
2922
2925
2926
2931
2933
2934
2936
2939
2941
2942
2944
2951
2956
2961
2962
2963
2964
2965
2967
2969
2970
2971
2972
2975
2978
2979
2983
2985
2986
2987
2989
2990
2994
3003
3004
3005
3006
3007
3009
3010
3020
3022
3026
3028
3030
3040
3041
3044
3051
3052
3054
3057
3067
3071
3072
3074
3081
3083
3084
3085
3086
3088
3089
3092
3093
3094
3095
3103
3109
3112
3114
3117
3121
3123
3124
3127
3129
3130
3133
3134
3135
3137
3140
3141
3144
3145
3146
3148
3149
3150
3151
3152
3153
3155
3158
3159
3161
3163
3164
3167
3170
3173
3174
3175
3176
3178
3180
3182
3185
3186
3190
3191
3196
3199
3201
3203
3215
3216
3218
3224
3225
3227
3228
3232
3235
3236
3239
3240
3241
3243
3247
3249
3250
3252
3253
3255
3258
3259
3262
3266
3267
3271
3273
3278
3285
3291
3292
3293
3294
3300
3301
3303
3304
3306
3309
3311
3313
3317
3319
3320
3321
3326
3327
3330
3332
3340
3342
3343
3345
3346
3348
3356
3358
3359
3361
3363
3364
3365
3367
3368
3370
3373
3374
3377
3380
3384
3385
3389
3390
3391
3392
3395
3400
3401
3406
3407
3408
3409
3412
3414
3417
3419
3420
3423
3424
3430
3431
3432
3435
3436
3439
3440
3443
3444
3450
3452
3453
3456
3457
3466
3471
3476
3490
3491
3499
3500
3506
3513
3514
3516
3521
3523
3530
3534
3535
3536
3539
3542
3543
3551
3552
3553
3554
3555
3556
3557
3558
3561
3563
3564
3565
3567
3568
3573
3574
3575
3583
3586
3587
3590
3596
3600
3602
3606
3610
3614
3618
3621
3622
3626
3627
3629
3630
3631
3632
3636
3637
3640
3641
3642
3644
3645
3648
3650
3654
3659
3664
3666
3667
3670
3671
3675
3676
3677
3681
3683
3687
3688
3695
3696
3700
3701
3709
3712
3713
3715
3716
3718
3719
3720
3722
3726
3727
3729
3731
3738
3741
3744
3747
3748
3749
3750
3751
3754
3756
3758
3760
3762
3764
3765
3768
3770
3771
3775
3777
3779
3782
3783
3786
3790
3791
3793
3797
3802
3805
3807
3808
3809
3810
3812
3814
3815
3816
3818
3823
3825
3828
3830
3832
3839
3841
3845
3849
3850
3854
3862
3863
3864
3866
3867
3868
3871
3873
3875
3880
3883
3888
3890
3891
3893
3895
3896
3900
3906
3907
3908
3911
3913
3915
3917
3918
3924
3927
3932
3933
3935
3936
3937
3943
3945
3951
3956
3959
3961
3962
3963
3967
3968
3969
3970
3972
3981
3982
3983
3985
3987
3990
3998
4000
4001
4002
4006
4008
4009
4011
4014
4016
4017
4018
4019
4020
4022
4023
4025
4027
4033
4042
4050
4053
4054
4055
4056
4060
4065
4067
4071
4078
4079
4082
4083
4086
4087
4088
4090
4091
4092
4095
4102
4103
4107
4108
4109
4112
4114
4117
4131
4133
4134
4135
4136
4137
4138
4141
4142
4144
4145
4146
4150
4151
4158
4161
4163
4164
4167
4171
4172
4173
4174
4175
4177
4180
4183
4184
4185
4188
4190
4195
4196
4198
4207
4208
4212
4213
4214
4218
4225
4232
4233
4234
4236
4239
4240
4242
4243
4247
4248
4249
4251
4255
4259
4261
4262
4263
4264
4266
4268
4270
4272
4276
4277
4283
4284
4287
4297
4298
4299
4300
4302
4311
4312
4317
4319
4321
4324
4326
4330
4331
4332
4334
4340
4346
4350
4354
4355
4357
4358
4360
4361
4363
4366
4368
4370
4378
4379
4380
4381
4382
4386
4389
4390
4392
4394
4396
4399
4406
4409
4412
4414
4423
4425
4426
4428
4430
4431
4432
4433
4434
4435
4437
4439
4440
4443
4444
4451
4452
4458
4460
4465
4470
4476
4477
4478
4481
4482
4483
4485
4491
4492
4493
4494
4495
4497
4498
4499
4500
4503
4507
4508
4512
4515
4517
4521
4522
4523
4524
4529
4530
4531
4532
4535
4537
4538
4541
4542
4543
4544
4551
4552
4555
4557
4559
4565
4566
4567
4573
4575
4576
4578
4581
4582
4583
4586
4588
4593
4594
4598
4599
4603
4607
4608
4611
4612
4613
4615
4616
4619
4620
4621
4624
4626
4627
4628
4631
4632
4633
4637
4640
4642
4644
4647
4648
4650
4651
4652
4654
4655
4656
4657
4658
4662
4663
4666
4668
4669
4670
4673
4675
4677
4683
4686
4690
4695
4697
4698
4700
4703
4709
4710
4711
4712
4713
4717
4719
4722
4725
4726
4727
4728
4729
4732
4733
4735
4736
4737
4748
4753
4757
4758
4760
4761
4763
4765
4766
4769
4773
4776
4777
4780
4782
4784
4790
4792
4795
4796
4798
4799
4803
4804
4805
4806
4809
4811
4815
4818
4820
4823
4827
4830
4831
4833
4835
4837
4838
4841
4846
4853
4854
4855
4857
4858
4864
4865
4868
4869
4873
4875
4882
4886
4887
4888
4891
4892
4893
4895
4897
4898
4906
4910
4911
4912
4916
4917
4920
4922
4924
4925
4926
4927
4928
4931
4933
4937
4938
4939
4940
4942
4943
4944
4945
4946
4947
4951
4956
4958
4961
4964
4967
4971
4975
4976
4979
4986
4987
4992
4994
4995
4996
4997
4998
5002
5004
5009
5010
5014
5016
5017
5021
5024
5029
5033
5036
5037
5039
5041
5051
5052
5054
5055
5056
5057
5060
5062
5065
5072
5073
5074
5075
5077
5078
5080
5084
5085
5087
5092
5093
5095
5097
5103
5104
5105
5108
5109
5110
5111
5113
5119
5122
5124
5126
5127
5131
5132
5136
5137
5141
5147
5153
5154
5159
5162
5167
5171
5173
5177
5178
5179
5184
5185
5188
5189
5190
5192
5197
5204
5205
5206
5208
5209
5213
5223
5229
5231
5232
5233
5237
5238
5240
5241
5242
5243
5246
5247
5249
5251
5255
5256
5257
5258
5261
5263
5264
5266
5269
5275
5276
5283
5285
5287
5295
5296
5298
5299
5301
5302
5307
5310
5311
5313
5315
5316
5319
5320
5322
5323
5328
5329
5330
5334
5335
5336
5338
5342
5344
5347
5355
5366
5368
5369
5370
5372
5373
5374
5387
5389
5390
5395
5397
5398
5401
5402
5406
5408
5409
5410
5411
5415
5417
5419
5423
5424
5428
5429
5432
5433
5435
5439
5442
5443
5445
5447
5448
5450
5451
5452
5454
5457
5462
5463
5469
5470
5471
5475
5476
5480
5481
5482
5486
5488
5490
5491
5494
5495
5497
5498
5499
5506
5509
5510
5515
5517
5519
5520
5522
5529
5530
5534
5536
5539
5540
5542
5543
5544
5546
5552
5555
5558
5559
5560
5565
5569
5571
5573
5574
5577
5578
5579
5580
5581
5583
5585
5586
5588
5590
5591
5592
5594
5596
5599
5600
5602
5603
5606
5607
5609
5611
5615
5616
5618
5619
5622
5624
5626
5628
5629
5633
5634
5636
5637
5641
5643
5644
5645
5649
5650
5655
5656
5660
5661
5664
5666
5668
5669
5670
5672
5675
5677
5680
5682
5684
5686
5690
5692
5693
5694
5695
5696
5698
5699
5704
5710
5713
5722
5724
5726
5730
5737
5738
5739
5741
5744
5745
5750
5752
5753
5755
5756
5757
5759
5772
5773
5774
5776
5778
5779
5781
5782
5783
5785
5788
5789
5791
5793
5794
5795
5796
5797
5798
5801
5808
5810
5812
5818
5820
5822
5823
5827
5829
5830
5831
5832
5839
5840
5842
5845
5850
5851
5855
5867
5868
5870
5872
5873
5876
5877
5878
5881
5882
5884
5889
5890
5891
5892
5895
5897
5898
5899
5901
5904
5906
5907
5909
5911
5912
5914
5919
5920
5926
5930
5931
5938
5939
5941
5944
5946
5947
5949
5951
5956
5957
5958
5959
5961
5967
5968
5969
5972
5974
5976
5978
5983
5984
5986
5988
5989
5991
5993
5994
5997
6001
6005
6008
6009
6012
6016
6019
6022
6026
6031
6033
6038
6040
6041
6042
6043
6046
6054
6058
6059
6073
6078
6079
6080
6082
6083
6085
6089
6090
6093
6094
6099
6102
6103
6116
6117
6121
6122
6124
6129
6130
6131
6135
6139
6140
6142
6146
6150
6152
6154
6155
6159
6160
6163
6166
6168
6171
6172
6183
6184
6185
6190
6191
6192
6197
6199
6200
6207
6212
6213
6217
6219
6221
6222
6226
6229
6233
6236
6238
6240
6251
6254
6255
6256
6261
6262
6264
6265
6269
6272
6273
6276
6283
6284
6288
6294
6295
6296
6297
6303
6304
6305
6310
6312
6313
6314
6317
6318
6326
6330
6331
6336
6337
6342
6343
6344
6353
6358
6359
6361
6363
6364
6365
6368
6370
6371
6372
6374
6376
6378
6380
6382
6391
6396
6397
6401
6403
6406
6410
6411
6414
6416
6420
6426
6429
6430
6431
6432
6439
6441
6445
6446
6447
6449
6450
6452
6456
6458
6461
6464
6465
6468
6469
6470
6471
6474
6475
6476
6477
6479
6487
6488
6493
6495
6499
6509
6511
6513
6514
6519
6520
6523
6530
6533
6539
6540
6542
6546
6548
6553
6554
6555
6559
6563
6564
6565
6567
6568
6570
6571
6572
6573
6575
6578
6581
6582
6585
6587
6588
6589
6591
6597
6605
6610
6614
6616
6617
6618
6622
6623
6629
6636
6637
6638
6640
6642
6643
6644
6645
6651
6652
6654
6655
6665
6666
6668
6671
6675
6681
6683
6684
6686
6691
6694
6696
6697
6701
6704
6709
6710
6716
6718
6719
6721
6722
6727
6731
6732
6736
6737
6738
6743
6748
6749
6751
6752
6754
6763
6764
6766
6767
6768
6771
6772
6773
6774
6776
6780
6782
6783
6784
6785
6786
6789
6791
6792
6794
6795
6796
6799
6801
6806
6807
6809
6811
6816
6819
6823
6825
6828
6833
6837
6838
6841
6843
6845
6849
6851
6852
6853
6854
6855
6858
6859
6861
6862
6869
6873
6875
6881
6882
6884
6889
6893
6894
6895
6898
6901
6905
6910
6915
6917
6922
6923
6924
6928
6937
6938
6941
6942
6943
6949
6953
6957
6960
6963
6966
6968
6970
6971
6972
6979
6980
6981
6982
6984
6985
6986
6988
6989
6990
6992
6995
6996
6997
6998
6999
7002
7005
7006
7008
7009
7010
7011
7016
7022
7023
7025
7027
7031
7032
7034
7036
7037
7041
7043
7044
7052
7054
7056
7057
7059
7060
7062
7064
7065
7067
7069
7079
7081
7082
7083
7084
7086
7096
7099
7105
7106
7108
7114
7116
7118
7119
7122
7123
7124
7126
7127
7128
7129
7130
7133
7135
7137
7145
7146
7147
7148
7151
7154
7156
7158
7162
7164
7165
7166
7169
7170
7171
7179
7183
7184
7186
7187
7189
7190
7192
7193
7194
7195
7196
7205
7206
7208
7210
7211
7213
7214
7218
7219
7225
7226
7227
7230
7233
7234
7235
7237
7238
7239
7242
7243
7244
7246
7253
7257
7262
7263
7265
7266
7269
7271
7272
7274
7279
7280
7281
7282
7287
7288
7291
7292
7295
7296
7297
7299
7309
7310
7311
7312
7313
7314
7320
7323
7328
7329
7332
7338
7340
7343
7345
7347
7349
7350
7352
7354
7355
7357
7358
7362
7366
7367
7368
7370
7371
7372
7373
7374
7378
7381
7382
7384
7389
7390
7392
7394
7396
7398
7399
7400
7404
7407
7412
7415
7418
7419
7421
7423
7424
7426
7429
7432
7433
7435
7436
7437
7441
7446
7448
7450
7452
7454
7455
7460
7461
7464
7465
7480
7483
7485
7489
7490
7491
7492
7493
7494
7498
7507
7509
7512
7519
7520
7521
7522
7523
7526
7529
7531
7533
7543
7544
7548
7549
7557
7560
7561
7564
7566
7574
7577
7587
7595
7597
7598
7601
7604
7605
7607
7610
7611
7612
7617
7618
7619
7620
7622
7624
7629
7630
7631
7632
7633
7634
7637
7641
7642
7643
7645
7651
7657
7659
7669
7673
7674
7678
7679
7684
7688
7689
7692
7693
7697
7701
7705
7707
7709
7710
7715
7718
7727
7734
7736
7737
7742
7746
7754
7756
7758
7761
7764
7766
7769
7773
7774
7776
7777
7778
7783
7787
7788
7795
7797
7798
7804
7805
7812
7813
7815
7817
7818
7823
7829
7830
7832
7833
7835
7837
7838
7843
7844
7846
7847
7848
7849
7851
7853
7855
7856
7857
7860
7863
7865
7866
7867
7868
7869
7875
7876
7892
7896
7902
7903
7905
7906
7909
7910
7927
7928
7929
7933
7935
7938
7939
7940
7941
7942
7943
7950
7951
7953
7954
7957
7959
7960
7961
7965
7966
7967
7968
7970
7972
7973
7977
7979
7984
7987
7989
7992
7993
7994
7995
7996
7999
8000
8001
8002
8003
8004
8006
8007
8009
8012
8015
8016
8017
8024
8026
8027
8032
8033
8036
8038
8041
8044
8050
8053
8055
8060
8061
8068
8070
8071
8073
8075
8077
8078
8080
8084
8089
8092
8095
8096
8098
8102
8106
8107
8110
8111
8112
8118
8120
8123
8125
8128
8130
8133
8134
8150
8152
8154
8155
8159
8160
8162
8163
8167
8168
8169
8172
8173
8175
8177
8179
8181
8183
8185
8186
8189
8190
8199
8201
8202
8205
8207
8208
8209
8210
8215
8216
8219
8221
8222
8224
8226
8228
8230
8232
8234
8235
8236
8243
8244
8245
8249
8252
8257
8258
8259
8261
8263
8264
8266
8269
8275
8277
8286
8297
8305
8307
8308
8311
8312
8313
8314
8315
8320
8321
8322
8325
8326
8328
8329
8333
8334
8335
8338
8339
8343
8346
8347
8353
8356
8357
8363
8367
8368
8371
8378
8381
8384
8385
8386
8389
8391
8392
8397
8399
8400
8401
8412
8414
8415
8417
8418
8419
8424
8427
8428
8429
8430
8433
8434
8435
8436
8438
8444
8445
8446
8448
8458
8461
8467
8472
8475
8479
8488
8490
8491
8493
8498
8501
8502
8512
8514
8515
8519
8521
8524
8526
8529
8531
8533
8534
8535
8536
8539
8543
8547
8548
8549
8553
8555
8556
8558
8560
8563
8566
8567
8569
8571
8572
8577
8578
8579
8580
8587
8592
8593
8594
8595
8597
8601
8605
8606
8609
8613
8624
8625
8627
8630
8633
8635
8636
8640
8646
8652
8655
8656
8659
8662
8664
8666
8669
8671
8677
8680
8681
8682
8683
8690
8691
8693
8695
8697
8702
8705
8706
8707
8708
8711
8712
8716
8717
8718
8719
8720
8733
8734
8737
8738
8740
8741
8745
8747
8749
8750
8752
8754
8755
8767
8770
8772
8780
8782
8783
8787
8788
8789
8791
8792
8793
8795
8800
8802
8804
8806
8808
8809
8811
8812
8817
8820
8837
8838
8841
8844
8847
8848
8853
8855
8859
8864
8869
8872
8876
8881
8884
8893
8894
8901
8905
8906
8907
8911
8912
8920
8921
8923
8924
8926
8927
8933
8940
8942
8946
8947
8949
8953
8959
8963
8964
8974
8975
8982
8983
8984
8987
8988
8989
8990
8995
8996
8997
8998
9001
9005
9007
9009
9011
9013
9017
9018
9019
9021
9024
9028
9030
9031
9032
9034
9035
9036
9045
9046
9053
9062
9063
9064
9065
9067
9074
9076
9077
9078
9079
9082
9083
9087
9088
9094
9095
9096
9101
9104
9105
9106
9107
9108
9110
9111
9118
9120
9121
9122
9126
9127
9130
9131
9133
9135
9137
9139
9141
9142
9145
9146
9148
9151
9155
9156
9157
9158
9160
9164
9166
9168
9170
9171
9173
9174
9175
9177
9180
9181
9182
9184
9186
9187
9190
9193
9196
9200
9203
9204
9205
9206
9207
9208
9211
9215
9216
9218
9219
9220
9221
9223
9225
9227
9228
9230
9235
9241
9244
9247
9255
9256
9257
9258
9259
9261
9265
9268
9269
9271
9275
9277
9280
9281
9283
9288
9290
9297
9302
9304
9306
9307
9310
9311
9312
9316
9318
9321
9323
9324
9327
9330
9333
9336
9337
9339
9340
9341
9342
9343
9344
9346
9348
9354
9359
9365
9369
9370
9371
9372
9374
9379
9385
9386
9388
9399
9411
9417
9420
9422
9424
9425
9428
9429
9435
9436
9439
9446
9447
9450
9454
9455
9456
9460
9461
9462
9465
9471
9472
9474
9475
9476
9479
9481
9484
9486
9487
9488
9490
9491
9493
9494
9496
9497
9499
9503
9505
9506
9510
9513
9516
9518
9519
9521
9523
9524
9528
9531
9533
9540
9546
9548
9549
9550
9552
9553
9554
9556
9557
9562
9569
9576
9580
9581
9582
9583
9587
9588
9589
9590
9591
9596
9597
9599
9600
9603
9604
9611
9612
9615
9617
9624
9627
9628
9631
9637
9638
9641
9643
9649
9650
9654
9661
9662
9663
9667
9670
9673
9677
9679
9686
9689
9691
9692
9694
9696
9697
9699
9700
9702
9706
9713
9714
9715
9716
9718
9719
9721
9726
9727
9730
9732
9735
9738
9741
9743
9744
9746
9752
9762
9763
9764
9765
9766
9768
9769
9772
9775
9776
9777
9781
9782
9783
9784
9788
9789
9794
9795
9797
9799
9802
9803
9810
9813
9817
9821
9823
9824
9825
9828
9830
9832
9833
9834
9836
9837
9840
9843
9846
9847
9848
9850
9852
9855
9856
9858
9860
9865
9866
9867
9873
9874
9877
9878
9879
9882
9884
9885
9890
9894
9896
9900
9903
9906
9907
9908
9910
9911
9914
9915
9916
9917
9921
9927
9930
9933
9937
9940
9941
9943
9944
9947
9949
9950
9951
9954
9956
9957
9959
9964
9965
9967
9968
9969
9972
9974
9979
9980
9984
9990
9991
9993
9996
10000
10002
10003
10006
10014
10015
10020
10024
10028
10040
10046
10047
10050
10051
10053
10055
10058
10060
10064
10065
10066
10067
10068
10070
10073
10077
10079
10081
10082
10086
10088
10093
10095
10096
10097
10100
10102
10103
10106
10109
10111
10112
10116
10123
10131
10135
10136
10139
10141
10142
10143
10145
10147
10150
10151
10160
10161
10164
10165
10167
10171
10173
10174
10176
10177
10178
10179
10181
10183
10187
10188
10195
10196
10197
10200
10207
10209
10211
10213
10214
10218
10222
10225
10230
10232
10233
10234
10237
10238
10245
10248
10251
10253
10255
10258
10264
10267
10268
10270
10271
10273
10278
10283
10284
10286
10288
10291
10292
10293
10295
10298
10303
10304
10306
10308
10310
10313
10314
10315
10320
10326
10332
10335
10338
10340
10343
10344
10345
10348
10350
10355
10357
10358
10361
10364
10367
10374
10377
10380
10382
10383
10386
10390
10391
10394
10395
10396
10400
10401
10403
10409
10410
10412
10415
10416
10417
10420
10426
10433
10435
10437
10441
10442
10447
10449
10450
10451
10452
10453
10457
10458
10464
10471
10472
10473
10474
10478
10481
10482
10485
10486
10487
10488
10490
10492
10503
10514
10516
10517
10518
10521
10524
10526
10530
10531
10532
10535
10538
10539
10541
10542
10546
10550
10552
10553
10554
10555
10558
10559
10561
10565
10566
10568
10570
10576
10578
10582
10583
10584
10585
10587
10588
10589
10591
10592
10593
10595
10601
10602
10616
10617
10618
10619
10622
10623
10625
10626
10627
10629
10634
10635
10636
10637
10639
10640
10642
10647
10651
10652
10655
10659
10661
10672
10674
10677
10680
10681
10682
10683
10685
10686
10691
10692
10693
10694
10695
10698
10699
10701
10702
10703
10704
10706
10707
10713
10715
10716
10717
10720
10724
10725
10728
10729
10736
10737
10738
10740
10744
10745
10748
10749
10750
10751
10754
10756
10757
10758
10759
10762
10763
10766
10767
10770
10771
10773
10775
10776
10778
10780
10785
10786
10787
10789
10793
10794
10797
10799
10800
10805
10808
10813
10816
10817
10822
10825
10828
10831
10832
10833
10837
10839
10846
10847
10848
10849
10850
10851
10858
10860
10871
10874
10875
10878
10886
10889
10891
10892
10893
10894
10896
10900
10905
10910
10912
10913
10916
10921
10922
10929
10931
10932
10937
10938
10940
10942
10954
10955
10956
10960
10962
10964
10965
10966
10970
10972
10973
10974
10975
10976
10979
10983
10985
10988
10996
10997
10998
11001
11002
11003
11005
11009
11016
11017
11022
11023
11027
11030
11033
11035
11036
11039
11042
11045
11046
11049
11053
11054
11058
11059
11064
11065
11069
11077
11083
11084
11085
11087
11088
11093
11094
11095
11101
11104
11108
11109
11110
11111
11112
11113
11115
11116
11120
11122
11126
11128
11130
11133
11136
11138
11139
11141
11151
11154
11156
11157
11161
11162
11164
11166
11168
11169
11171
11172
11173
11174
11179
11181
11182
11185
11186
11190
11196
11197
11205
11207
11211
11219
11220
11221
11228
11232
11234
11236
11239
11240
11241
11245
11246
11249
11252
11254
11258
11260
11261
11267
11268
11271
11273
11279
11280
11281
11283
11284
11292
11294
11296
11298
11302
11303
11308
11310
11312
11314
11317
11319
11324
11328
11329
11330
11332
11334
11336
11338
11340
11343
11344
11345
11347
11348
11349
11350
11351
11353
11357
11360
11362
11363
11367
11371
11372
11375
11380
11381
11382
11383
11384
11390
11392
11394
11397
11404
11407
11410
11411
11413
11415
11421
11422
11425
11426
11431
11434
11435
11437
11439
11440
11441
11442
11445
11446
11447
11452
11454
11455
11457
11460
11461
11463
11468
11469
11470
11471
11473
11475
11477
11479
11483
11484
11485
11486
11492
11493
11494
11496
11498
11510
11515
11516
11523
11525
11528
11529
11530
11531
11533
11534
11536
11538
11539
11542
11543
11545
11546
11549
11555
11556
11559
11560
11561
11563
11565
11569
11572
11577
11580
11586
11589
11590
11593
11594
11595
11599
11600
11601
11602
11609
11612
11613
11616
11618
11619
11620
11630
11631
11634
11637
11639
11641
11645
11646
11649
11650
11653
11656
11657
11662
11663
11664
11665
11667
11669
11671
11672
11673
11675
11676
11678
11683
11684
11688
11689
11690
11691
11692
11694
11695
11696
11700
11703
11704
11705
11706
11707
11708
11713
11714
11716
11718
11720
11722
11723
11725
11735
11736
11737
11738
11739
11744
11745
11748
11749
11750
11754
11755
11757
11759
11760
11763
11767
11772
11774
11777
11779
11780
11781
11785
11787
11789
11795
11796
11797
11801
11803
11810
11814
11819
11821
11824
11826
11829
11831
11834
11835
11837
11849
11851
11855
11856
11859
11861
11864
11865
11867
11870
11871
11873
11874
11875
11877
11878
11880
11882
11885
11889
11891
11894
11905
11906
11907
11908
11910
11914
11916
11918
11922
11926
11927
11929
11934
11936
11938
11939
11944
11948
11949
11950
11951
11953
11954
11956
11957
11962
11964
11969
11970
11971
11975
11978
11980
11982
11984
11986
11987
11989
11991
11992
11996
11998
11999
12000
12001
12002
12003
12004
12006
12013
12015
12018
12021
12031
12039
12040
12041
12043
12045
12046
12047
12048
12055
12057
12059
12061
12062
12067
12070
12075
12076
12080
12087
12089
12091
12096
12098
12100
12103
12106
12108
12109
12112
12115
12118
12120
12122
12123
12126
12127
12128
12130
12132
12142
12144
12145
12149
12150
12153
12155
12156
12158
12159
12161
12164
12168
12171
12172
12173
12174
12175
12177
12178
12180
12182
12183
12185
12190
12191
12192
12197
12198
12199
12201
12205
12206
12207
12208
12212
12213
12219
12222
12224
12225
12226
12229
12231
12232
12234
12236
12237
12241
12242
12243
12249
12251
12253
12254
12258
12260
12265
12270
12271
12275
12278
12280
12288
12289
12297
12298
12305
12306
12312
12316
12317
12323
12327
12328
12329
12330
12334
12336
12337
12338
12342
12345
12349
12352
12355
12356
12360
12363
12370
12373
12379
12380
12383
12388
12390
12391
12392
12394
12397
12399
12404
12410
12411
12413
12415
12418
12419
12420
12424
12427
12433
12435
12444
12446
12448
12449
12450
12452
12453
12454
12458
12459
12464
12466
12467
12468
12470
12472
12473
12474
12476
12478
12479
12482
12485
12486
12488
12489
12496
12497
12500
12501
12502
12504
12508
12510
12512
12515
12516
12533
12537
12541
12544
12546
12561
12563
12569
12576
12577
12580
12581
12582
12583
12588
12592
12595
12597
12598
12600
12601
12602
12603
12605
12607
12611
12612
12614
12615
12616
12625
12629
12632
12638
12640
12641
12646
12647
12651
12652
12653
12658
12661
12662
12663
12664
12665
12666
12668
12671
12673
12674
12676
12677
12682
12685
12686
12688
12693
12696
12697
12700
12707
12713
12714
12716
12718
12719
12720
12721
12722
12726
12728
12732
12734
12737
12742
12743
12744
12746
12748
12751
12755
12757
12760
12763
12764
12765
12768
12771
12772
12773
12775
12779
12780
12782
12786
12790
12791
12797
12803
12808
12809
12812
12816
12817
12818
12819
12820
12823
12828
12834
12835
12839
12847
12851
12852
12853
12855
12856
12857
12861
12866
12867
12869
12871
12873
12874
12875
12878
12879
12880
12881
12884
12886
12888
12889
12891
12894
12901
12903
12905
12910
12911
12913
12916
12919
12921
12924
12926
12929
12931
12935
12940
12941
12942
12944
12945
12946
12948
12949
12951
12954
12955
12962
12963
12966
12972
12975
12977
12979
12982
12984
12987
12990
12991
12992
12995
12996
12997
12999
13001
13003
13004
13006
13007
13009
13012
13013
13015
13016
13017
13025
13026
13029
13030
13031
13032
13034
13036
13039
13041
13045
13046
13050
13051
13055
13057
13058
13065
13067
13068
13070
13072
13074
13076
13081
13085
13087
13089
13091
13092
13095
13097
13100
13107
13109
13112
13113
13116
13117
13121
13122
13125
13127
13128
13131
13135
13136
13140
13145
13146
13147
13149
13156
13157
13158
13159
13161
13163
13168
13171
13178
13179
13180
13183
13184
13186
13187
13192
13193
13200
13201
13204
13210
13216
13221
13223
13224
13226
13230
13231
13232
13233
13234
13237
13239
13245
13247
13248
13254
13255
13256
13258
13261
13262
13264
13265
13266
13269
13272
13273
13275
13276
13277
13279
13280
13281
13283
13284
13285
13288
13289
13292
13296
13299
13301
13303
13304
13305
13306
13311
13313
13318
13319
13320
13322
13323
13324
13327
13329
13330
13331
13333
13334
13335
13341
13350
13353
13358
13359
13362
13364
13368
13374
13376
13378
13379
13380
13382
13383
13386
13389
13390
13391
13392
13393
13395
13397
13399
13401
13403
13404
13406
13407
13409
13411
13414
13417
13418
13419
13422
13425
13426
13428
13429
13434
13435
13436
13439
13440
13444
13446
13448
13450
13451
13452
13455
13456
13460
13464
13465
13467
13472
13478
13479
13481
13482
13489
13490
13493
13500
13502
13503
13507
13509
13511
13515
13516
13518
13519
13521
13527
13528
13532
13535
13537
13541
13543
13545
13546
13547
13550
13556
13558
13560
13562
13564
13565
13567
13568
13569
13575
13579
13584
13591
13596
13598
13600
13603
13605
13611
13612
13615
13621
13622
13623
13629
13635
13636
13639
13644
13645
13647
13648
13650
13652
13653
13654
13659
13660
13662
13663
13665
13666
13667
13668
13669
13673
13675
13680
13682
13683
13686
13689
13699
13703
13704
13705
13708
13711
13716
13718
13721
13731
13732
13733
13737
13739
13743
13746
13747
13749
13750
13751
13752
13753
13757
13760
13763
13765
13767
13769
13772
13773
13774
13777
13778
13779
13780
13782
13785
13790
13794
13795
13796
13798
13799
13801
13803
13806
13807
13808
13809
13817
13824
13828
13830
13832
13833
13834
13839
13840
13841
13843
13844
13846
13849
13851
13853
13854
13859
13860
13861
13863
13865
13866
13869
13873
13877
13878
13879
13880
13882
13886
13890
13891
13892
13893
13894
13895
13897
13900
13901
13907
13908
13910
13913
13917
13918
13919
13920
13921
13923
13926
13928
13929
13930
13931
13932
13934
13936
13937
13939
13942
13944
13945
13946
13947
13948
13949
13951
13956
13960
13964
13965
13968
13969
13970
13971
13975
13979
13983
13986
13990
13992
13993
13994
13997
13998
14005
14009
14010
14011
14016
14017
14021
14022
14024
14025
14026
14027
14029
14031
14033
14036
14037
14038
14039
14042
14043
14051
14052
14056
14057
14060
14062
14067
14069
14072
14075
14079
14080
14082
14083
14086
14087
14089
14090
14098
14104
14106
14109
14110
14113
14114
14116
14119
14120
14122
14123
14124
14125
14126
14130
14132
14135
14138
14139
14140
14141
14142
14150
14153
14154
14157
14158
14162
14166
14168
14172
14174
14175
14178
14182
14184
14188
14191
14195
14196
14199
14201
14203
14207
14208
14209
14210
14211
14212
14215
14220
14226
14231
14232
14243
14245
14246
14247
14249
14252
14254
14256
14257
14259
14260
14262
14266
14267
14269
14270
14271
14274
14277
14282
14286
14287
14288
14289
14290
14291
14292
14295
14296
14300
14306
14308
14309
14310
14312
14317
14318
14325
14327
14328
14330
14333
14334
14336
14342
14343
14345
14347
14348
14350
14352
14356
14357
14365
14367
14369
14373
14374
14376
14377
14379
14380
14382
14385
14387
14388
14389
14390
14391
14392
14394
14397
14407
14408
14409
14414
14419
14422
14423
14424
14427
14429
14430
14434
14435
14436
14437
14439
14440
14444
14448
14450
14451
14453
14456
14457
14466
14472
14473
14478
14481
14482
14484
14485
14486
14489
14490
14496
14500
14501
14502
14506
14511
14512
14516
14519
14520
14523
14527
14531
14534
14536
14537
14539
14541
14547
14549
14551
14552
14553
14554
14555
14559
14561
14562
14565
14566
14567
14571
14572
14574
14586
14588
14589
14591
14593
14594
14595
14596
14597
14599
14605
14606
14607
14609
14616
14621
14622
14626
14629
14631
14635
14638
14641
14643
14645
14646
14648
14650
14663
14665
14670
14671
14674
14677
14678
14679
14680
14683
14686
14688
14691
14692
14693
14696
14698
14706
14708
14714
14715
14716
14719
14721
14728
14730
14738
14743
14744
14745
14746
14749
14755
14758
14769
14772
14779
14780
14781
14783
14785
14788
14792
14794
14796
14799
14805
14806
14818
14820
14821
14823
14824
14828
14830
14831
14837
14838
14839
14842
14846
14849
14852
14855
14859
14863
14868
14870
14871
14873
14877
14879
14887
14889
14890
14892
14893
14894
14895
14896
14899
14900
14901
14904
14908
14912
14914
14915
14916
14917
14922
14923
14924
14925
14933
14935
14939
14940
14948
14949
14953
14955
14961
14963
14966
14973
14984
14986
14993
14995
14996
14997
14998
15007
15008
15011
15012
15015
15020
15023
15029
15032
15033
15034
15036
15037
15038
15042
15043
15047
15048
15051
15061
15064
15069
15070
15072
15077
15078
15082
15083
15086
15087
15088
15089
15092
15093
15096
15103
15106
15111
15114
15116
15120
15123
15124
15125
15126
15128
15129
15138
15140
15146
15147
15149
15150
15151
15152
15153
15154
15155
15156
15158
15160
15161
15166
15167
15169
15173
15177
15179
15183
15184
15185
15187
15193
15194
15195
15197
15198
15200
15202
15206
15207
15210
15216
15217
15222
15223
15225
15226
15228
15229
15233
15234
15235
15240
15246
15247
15248
15251
15253
15254
15257
15261
15265
15269
15271
15275
15282
15284
15300
15302
15305
15307
15309
15310
15313
15316
15317
15321
15323
15326
15327
15328
15329
15332
15338
15339
15343
15345
15346
15349
15351
15352
15355
15357
15358
15360
15366
15368
15369
15371
15372
15373
15374
15378
15379
15383
15384
15385
15386
15390
15398
15401
15406
15407
15408
15417
15422
15424
15432
15433
15434
15438
15441
15444
15445
15449
15450
15451
15454
15455
15456
15457
15462
15463
15464
15470
15471
15472
15474
15475
15476
15479
15485
15489
15493
15502
15504
15507
15511
15512
15514
15515
15517
15519
15520
15522
15523
15524
15525
15534
15540
15545
15549
15551
15552
15553
15560
15562
15563
15566
15567
15572
15574
15576
15577
15580
15581
15585
15586
15587
15588
15592
15596
15599
15600
15605
15608
15612
15613
15620
15623
15627
15629
15630
15632
15635
15636
15638
15639
15641
15646
15649
15651
15653
15659
15663
15669
15670
15674
15675
15678
15679
15681
15682
15686
15688
15689
15690
15696
15698
15699
15700
15702
15704
15706
15707
15708
15710
15711
15715
15717
15721
15722
15728
15732
15733
15734
15735
15738
15740
15743
15745
15747
15748
15749
15751
15753
15754
15761
15762
15764
15768
15770
15774
15775
15781
15784
15787
15790
15791
15792
15795
15796
15799
15802
15804
15806
15810
15812
15815
15822
15823
15826
15830
15831
15833
15835
15836
15845
15847
15848
15849
15850
15855
15856
15857
15859
15861
15863
15864
15867
15870
15871
15872
15876
15881
15882
15883
15886
15887
15890
15892
15893
15896
15897
15898
15899
15901
15903
15905
15906
15908
15913
15916
15920
15921
15924
15926
15927
15928
15930
15934
15935
15941
15942
15945
15946
15950
15954
15958
15960
15965
15966
15972
15979
15982
15988
15989
15990
15992
15994
15995
15996
15997
15998
16001
16002
16005
16006
16009
16012
16013
16014
16016
16017
16018
16019
16021
16023
16028
16029
16032
16033
16034
16035
16043
16044
16048
16052
16053
16056
16057
16059
16061
16063
16075
16077
16079
16080
16081
16082
16086
16087
16091
16093
16099
16100
16103
16105
16106
16109
16112
16117
16120
16121
16122
16125
16127
16131
16133
16136
16138
16140
16142
16149
16150
16152
16154
16156
16157
16158
16160
16163
16165
16170
16172
16173
16179
16182
16184
16193
16194
16195
16198
16199
16205
16209
16210
16211
16212
16216
16218
16220
16223
16226
16230
16232
16234
16237
16241
16243
16244
16246
16251
16252
16256
16260
16268
16269
16279
16280
16281
16282
16284
16285
16288
16294
16299
16300
16301
16304
16309
16310
16311
16312
16314
16322
16330
16331
16335
16336
16343
16344
16346
16347
16351
16353
16363
16364
16365
16369
16370
16371
16374
16375
16376
16377
16378
16380
16385
16386
16388
16389
16390
16391
16393
16395
16396
16402
16405
16406
16409
16410
16412
16422
16428
16433
16436
16438
16440
16446
16448
16450
16453
16455
16456
16458
16459
16460
16462
16464
16465
16471
16473
16474
16475
16478
16480
16482
16484
16489
16493
16499
16500
16508
16509
16512
16513
16514
16517
16521
16522
16523
16524
16526
16527
16528
16529
16530
16531
16532
16535
16537
16538
16542
16544
16548
16549
16555
16559
16562
16566
16567
16571
16574
16575
16576
16577
16578
16585
16587
16589
16590
16593
16607
16608
16609
16610
16611
16615
16616
16617
16619
16622
16625
16626
16627
16630
16633
16634
16639
16644
16645
16646
16648
16652
16653
16654
16655
16661
16662
16663
16666
16667
16669
16673
16676
16678
16679
16682
16684
16690
16691
16692
16696
16698
16701
16704
16708
16709
16713
16715
16724
16725
16727
16729
16732
16733
16740
16742
16743
16748
16749
16753
16754
16755
16762
16766
16767
16770
16774
16776
16779
16781
16788
16789
16799
16802
16805
16806
16807
16814
16821
16824
16825
16829
16832
16835
16836
16838
16840
16843
16846
16848
16850
16854
16855
16859
16861
16862
16864
16865
16866
16873
16874
16877
16878
16879
16880
16881
16884
16885
16890
16892
16896
16898
16901
16905
16907
16910
16911
16913
16915
16920
16921
16923
16924
16925
16928
16929
16931
16932
16934
16935
16939
16940
16943
16944
16955
16956
16958
16959
16961
16963
16964
16965
16967
16968
16969
16972
16977
16978
16980
16984
16986
16988
16990
16991
16994
16998
16999
17000
17002
17006
17007
17009
17010
17014
17015
17018
17019
17022
17025
17027
17028
17029
17030
17032
17033
17040
17042
17043
17044
17046
17047
17051
17053
17055
17058
17061
17063
17064
17065
17069
17070
17071
17072
17073
17076
17079
17081
17082
17085
17087
17091
17094
17095
17096
17100
17101
17106
17107
17109
17111
17114
17118
17127
17129
17130
17132
17136
17138
17139
17140
17141
17143
17144
17145
17150
17152
17153
17154
17157
17158
17159
17160
17162
17164
17165
17173
17174
17175
17177
17182
17186
17188
17193
17194
17197
17199
17200
17205
17207
17208
17209
17214
17216
17221
17222
17228
17231
17232
17241
17245
17247
17248
17249
17251
17253
17254
17257
17258
17260
17261
17262
17263
17264
17266
17270
17272
17273
17274
17275
17276
17280
17285
17288
17289
17290
17294
17296
17297
17301
17302
17303
17304
17308
17310
17312
17313
17317
17320
17322
17323
17325
17327
17330
17331
17332
17334
17336
17337
17338
17340
17342
17343
17345
17347
17348
17350
17352
17353
17356
17357
17358
17359
17360
17364
17368
17369
17370
17371
17373
17374
17375
17376
17378
17380
17387
17392
17393
17396
17397
17400
17412
17413
17414
17416
17417
17420
17421
17424
17429
17430
17432
17434
17438
17442
17447
17449
17450
17451
17453
17454
17456
17457
17458
17459
17461
17463
17472
17478
17479
17480
17482
17483
17484
17485
17487
17488
17490
17492
17493
17494
17500
17502
17506
17508
17509
17513
17514
17515
17517
17519
17520
17522
17524
17529
17530
17532
17540
17543
17548
17551
17558
17560
17563
17565
17568
17569
17570
17573
17575
17576
17580
17582
17586
17587
17589
17593
17600
17602
17606
17607
17608
17611
17615
17616
17618
17619
17622
17625
17627
17630
17632
17633
17640
17641
17642
17643
17648
17649
17650
17653
17658
17660
17667
17669
17671
17674
17675
17677
17680
17682
17685
17690
17692
17695
17696
17700
17706
17709
17713
17715
17717
17718
17719
17721
17722
17724
17725
17726
17727
17732
17733
17737
17740
17741
17743
17745
17748
17749
17750
17751
17755
17758
17761
17764
17770
17771
17772
17773
17774
17778
17784
17790
17793
17794
17796
17800
17801
17805
17806
17807
17809
17810
17812
17815
17818
17821
17823
17824
17826
17831
17832
17833
17839
17844
17845
17848
17849
17850
17853
17856
17857
17858
17860
17862
17864
17868
17871
17874
17879
17881
17883
17885
17886
17888
17889
17898
17901
17905
17907
17908
17909
17910
17912
17915
17916
17921
17922
17924
17929
17932
17937
17939
17943
17945
17947
17948
17949
17951
17952
17953
17955
17958
17961
17965
17972
17973
17974
17985
17987
17988
17994
18000
18004
18015
18017
18019
18020
18023
18024
18028
18029
18030
18031
18032
18033
18037
18038
18044
18045
18047
18048
18050
18051
18052
18055
18057
18058
18060
18061
18062
18064
18066
18070
18071
18073
18074
18077
18088
18091
18093
18096
18099
18100
18101
18103
18105
18108
18117
18120
18122
18125
18133
18135
18138
18141
18146
18147
18148
18155
18156
18157
18158
18160
18161
18163
18165
18166
18171
18172
18173
18174
18177
18178
18180
18184
18186
18188
18193
18196
18199
18202
18203
18205
18207
18211
18213
18214
18215
18218
18221
18222
18224
18225
18227
18230
18231
18232
18233
18237
18241
18243
18244
18248
18249
18252
18255
18256
18257
18259
18260
18261
18263
18265
18268
18271
18272
18276
18278
18279
18281
18284
18286
18287
18290
18291
18293
18296
18297
18299
18300
18301
18302
18309
18311
18312
18313
18316
18320
18321
18322
18323
18324
18325
18330
18333
18343
18344
18350
18351
18352
18354
18360
18366
18369
18375
18376
18378
18380
18381
18383
18384
18385
18394
18395
18400
18402
18408
18410
18412
18416
18425
18427
18428
18431
18432
18435
18437
18440
18443
18444
18445
18446
18449
18450
18452
18454
18458
18460
18467
18474
18480
18482
18485
18489
18491
18504
18509
18514
18519
18520
18522
18525
18526
18532
18537
18539
18540
18542
18544
18545
18546
18549
18550
18554
18555
18556
18557
18562
18563
18564
18565
18569
18570
18574
18579
18581
18582
18587
18588
18589
18591
18592
18594
18595
18601
18604
18606
18607
18608
18610
18613
18617
18619
18621
18624
18625
18626
18627
18628
18631
18635
18639
18640
18642
18643
18645
18646
18647
18649
18653
18657
18658
18660
18663
18667
18668
18677
18678
18680
18681
18689
18690
18691
18693
18700
18705
18706
18708
18710
18711
18714
18722
18723
18725
18730
18733
18734
18738
18739
18743
18745
18746
18748
18749
18752
18753
18755
18756
18758
18761
18763
18765
18767
18768
18771
18777
18778
18782
18787
18792
18793
18799
18800
18802
18803
18806
18807
18810
18812
18814
18816
18818
18820
18822
18824
18825
18827
18830
18844
18845
18847
18848
18850
18852
18860
18863
18870
18876
18877
18880
18881
18888
18889
18890
18892
18895
18897
18899
18904
18908
18913
18916
18919
18922
18925
18928
18931
18934
18935
18939
18942
18944
18945
18949
18950
18951
18952
18953
18959
18961
18964
18965
18971
18972
18974
18976
18977
18978
18981
18982
18984
18987
18988
18990
18991
18994
19001
19008
19018
19019
19023
19028
19029
19033
19037
19041
19045
19049
19053
19054
19056
19063
19065
19071
19073
19086
19087
19089
19091
19092
19093
19094
19095
19096
19097
19103
19104
19105
19107
19109
19112
19115
19116
19117
19118
19119
19120
19122
19123
19124
19127
19128
19129
19131
19136
19142
19145
19146
19149
19151
19152
19156
19157
19158
19159
19162
19164
19166
19167
19168
19169
19170
19171
19173
19174
19176
19177
19181
19183
19184
19187
19190
19194
19198
19201
19203
19205
19206
19208
19209
19212
19213
19216
19218
19222
19223
19225
19226
19229
19230
19231
19233
19235
19238
19239
19247
19249
19250
19252
19253
19254
19255
19256
19257
19259
19262
19265
19267
19270
19275
19276
19280
19281
19282
19285
19288
19289
19291
19296
19298
19299
19300
19307
19309
19315
19317
19322
19323
19324
19330
19333
19334
19337
19342
19344
19345
19348
19354
19356
19359
19360
19362
19363
19366
19369
19370
19374
19381
19383
19385
19389
19392
19393
19396
19403
19404
19414
19418
19420
19421
19423
19425
19426
19430
19436
19439
19440
19445
19446
19448
19456
19457
19459
19462
19464
19465
19466
19472
19475
19476
19477
19480
19481
19483
19488
19492
19493
19494
19497
19501
19502
19503
19506
19508
19510
19515
19517
19520
19522
19523
19528
19531
19532
19539
19540
19541
19543
19544
19546
19551
19552
19554
19555
19556
19557
19558
19559
19561
19563
19567
19569
19572
19576
19579
19581
19582
19583
19584
19585
19586
19593
19595
19596
19600
19601
19603
19604
19607
19610
19611
19613
19614
19615
19619
19621
19622
19623
19624
19625
19626
19627
19628
19630
19641
19642
19643
19645
19648
19655
19656
19657
19660
19661
19665
19668
19669
19675
19678
19680
19686
19689
19692
19694
19702
19708
19710
19711
19713
19715
19719
19723
19724
19727
19729
19730
19731
19733
19738
19741
19743
19744
19747
19751
19758
19760
19762
19765
19766
19768
19769
19773
19775
19778
19781
19782
19783
19785
19787
19790
19797
19799
19800
19810
19811
19814
19816
19824
19830
19835
19838
19840
19843
19846
19850
19856
19859
19867
19870
19873
19874
19877
19878
19880
19881
19888
19889
19891
19894
19895
19896
19899
19900
19901
19902
19904
19907
19909
19914
19915
19918
19921
19923
19924
19925
19932
19933
19935
19937
19938
19941
19942
19944
19945
19950
19951
19953
19956
19958
19963
19964
19965
19968
19971
19975
19977
19978
19982
19988
19989
19991
19994
19996
20002
20003
20004
20006
20008
20009
20012
20013
20015
20017
20020
20021
20022
20025
20026
20028
20029
20037
20039
20043
20045
20046
20047
20049
20054
20056
20057
20058
20059
20061
20067
20074
20079
20080
20081
20083
20085
20093
20095
20098
20102
20103
20104
20106
20107
20108
20109
20114
20116
20118
20119
20120
20121
20124
20125
20127
20128
20131
20132
20140
20141
20142
20143
20144
20147
20148
20150
20151
20153
20156
20157
20159
20162
20167
20169
20170
20171
20172
20173
20175
20176
20180
20181
20183
20185
20186
20187
20190
20192
20194
20195
20202
20207
20208
20212
20213
20214
20215
20219
20223
20224
20225
20227
20229
20231
20234
20238
20240
20242
20245
20246
20247
20251
20254
20256
20258
20259
20260
20262
20266
20267
20269
20276
20277
20281
20283
20284
20285
20288
20300
20304
20306
20307
20308
20309
20310
20312
20313
20314
20316
20317
20319
20323
20324
20331
20333
20335
20337
20338
20341
20343
20344
20349
20350
20354
20358
20360
20361
20365
20369
20372
20376
20377
20378
20382
20384
20389
20390
20392
20393
20400
20402
20403
20405
20407
20409
20411
20417
20420
20421
20423
20425
20426
20431
20435
20436
20437
20443
20445
20447
20450
20452
20454
20456
20460
20462
20463
20464
20466
20469
20470
20472
20478
20483
20491
20492
20493
20500
20501
20502
20504
20508
20515
20519
20527
20528
20530
20534
20536
20538
20539
20541
20543
20544
20559
20561
20562
20563
20565
20566
20567
20569
20570
20580
20581
20583
20584
20587
20588
20590
20594
20595
20596
20597
20601
20602
20606
20607
20608
20609
20611
20612
20616
20618
20619
20620
20622
20625
20626
20633
20637
20642
20643
20644
20645
20648
20651
20652
20655
20657
20659
20661
20662
20666
20668
20669
20670
20671
20673
20674
20676
20677
20682
20684
20689
20690
20691
20694
20695
20696
20698
20700
20702
20704
20705
20706
20707
20710
20711
20714
20716
20719
20724
20732
20733
20734
20738
20740
20746
20748
20749
20750
20753
20756
20758
20760
20764
20767
20768
20772
20774
20778
20783
20786
20787
20789
20792
20797
20799
20800
20802
20803
20805
20806
20808
20810
20811
20812
20815
20817
20819
20823
20824
20827
20829
20836
20837
20840
20842
20850
20852
20855
20857
20858
20862
20863
20864
20866
20871
20872
20874
20875
20876
20877
20878
20880
20884
20895
20896
20900
20901
20906
20908
20913
20914
20918
20919
20921
20922
20923
20925
20927
20929
20931
20932
20933
20934
20936
20939
20942
20943
20946
20947
20950
20952
20953
20954
20955
20960
20961
20963
20968
20969
20971
20973
20975
20976
20977
20979
20980
20981
20982
20985
20991
20995
21000
21004
21007
21008
21015
21017
21019
21020
21029
21030
21031
21032
21035
21038
21040
21042
21043
21045
21054
21057
21058
21059
21061
21062
21067
21068
21073
21074
21076
21083
21085
21087
21088
21095
21097
21103
21111
21113
21116
21118
21119
21120
21121
21125
21128
21133
21136
21137
21141
21142
21143
21147
21153
21158
21159
21162
21164
21165
21166
21168
21172
21174
21177
21179
21180
21181
21182
21188
21192
21194
21195
21197
21198
21199
21201
21204
21205
21209
21217
21223
21225
21229
21230
21233
21243
21248
21251
21252
21253
21259
21260
21263
21267
21271
21272
21274
21277
21281
21288
21292
21293
21295
21300
21301
21304
21310
21311
21312
21315
21316
21318
21322
21323
21325
21326
21327
21329
21330
21335
21337
21341
21342
21346
21350
21351
21352
21354
21357
21359
21360
21363
21364
21371
21372
21376
21378
21381
21384
21386
21387
21389
21390
21392
21395
21397
21398
21400
21408
21411
21415
21421
21425
21427
21431
21432
21435
21437
21438
21443
21445
21447
21448
21449
21451
21452
21457
21467
21468
21469
21470
21472
21473
21475
21477
21485
21486
21492
21493
21494
21498
21499
21500
21505
21508
21510
21511
21514
21515
21518
21520
21522
21526
21529
21534
21536
21538
21542
21544
21545
21546
21548
21550
21551
21556
21559
21560
21562
21563
21566
21568
21569
21571
21572
21573
21575
21576
21577
21584
21585
21586
21587
21591
21592
21594
21596
21598
21602
21604
21605
21606
21607
21615
21616
21618
21619
21621
21625
21627
21628
21630
21632
21633
21636
21637
21638
21639
21642
21644
21646
21650
21657
21659
21663
21664
21665
21669
21671
21672
21673
21675
21676
21677
21684
21686
21687
21689
21691
21692
21694
21695
21698
21699
21700
21701
21702
21703
21708
21709
21710
21711
21714
21725
21726
21727
21729
21730
21732
21736
21737
21740
21744
21746
21749
21751
21754
21758
21762
21767
21771
21772
21774
21776
21777
21778
21782
21785
21787
21788
21792
21793
21797
21799
21800
21804
21807
21811
21814
21817
21823
21826
21829
21833
21834
21839
21847
21851
21852
21856
21865
21868
21869
21870
21871
21874
21876
21878
21885
21889
21891
21894
21902
21904
21905
21907
21909
21917
21918
21919
21922
21923
21924
21925
21927
21930
21932
21935
21939
21942
21943
21944
21947
21949
21951
21953
21954
21959
21962
21966
21969
21972
21975
21976
21977
21980
21988
21991
21999
22002
22003
22005
22008
22009
22010
22014
22015
22018
22024
22028
22029
22030
22031
22032
22042
22044
22047
22048
22052
22054
22055
22056
22057
22059
22060
22063
22069
22074
22075
22076
22077
22078
22079
22081
22083
22089
22092
22101
22102
22104
22112
22113
22115
22116
22117
22118
22124
22126
22138
22139
22144
22149
22153
22161
22164
22167
22168
22173
22174
22175
22180
22183
22190
22191
22192
22194
22195
22200
22202
22203
22207
22208
22211
22219
22223
22228
22229
22238
22240
22248
22250
22253
22257
22258
22259
22260
22261
22263
22271
22276
22281
22285
22286
22288
22290
22295
22297
22299
22301
22302
22303
22309
22313
22318
22319
22322
22323
22331
22335
22337
22338
22339
22340
22346
22350
22353
22355
22356
22357
22359
22360
22361
22363
22366
22368
22369
22370
22372
22375
22377
22379
22384
22386
22387
22388
22391
22393
22394
22398
22399
22400
22401
22403
22408
22409
22410
22412
22414
22415
22416
22417
22418
22419
22420
22421
22422
22423
22424
22431
22432
22433
22436
22438
22439
22440
22443
22444
22447
22449
22452
22455
22462
22463
22465
22466
22469
22473
22475
22476
22481
22483
22484
22486
22490
22491
22495
22496
22499
22504
22505
22507
22508
22511
22515
22516
22520
22523
22528
22534
22536
22538
22539
22543
22544
22547
22548
22550
22551
22553
22554
22556
22559
22560
22566
22567
22569
22574
22580
22581
22582
22587
22588
22591
22596
22598
22601
22602
22603
22606
22611
22612
22613
22614
22615
22616
22617
22619
22620
22622
22623
22625
22626
22630
22633
22634
22640
22641
22647
22649
22651
22652
22653
22656
22658
22662
22663
22664
22666
22668
22669
22671
22673
22677
22683
22684
22686
22687
22689
22692
22693
22694
22700
22702
22704
22706
22708
22711
22712
22715
22718
22721
22722
22724
22727
22731
22733
22736
22737
22738
22740
22742
22744
22745
22746
22748
22754
22760
22763
22765
22766
22778
22780
22784
22785
22786
22788
22793
22794
22797
22800
22803
22804
22813
22814
22819
22821
22823
22831
22832
22834
22837
22841
22844
22851
22852
22853
22861
22865
22867
22868
22874
22877
22880
22883
22884
22886
22890
22891
22893
22900
22905
22906
22907
22908
22909
22911
22912
22915
22918
22921
22922
22923
22925
22927
22928
22930
22931
22933
22936
22937
22942
22943
22947
22948
22950
22958
22960
22963
22966
22967
22971
22973
22976
22977
22978
22980
22982
22983
22984
22986
22987
22988
22990
22993
22995
22996
22998
22999
23001
23003
23004
23010
23012
23017
23019
23020
23023
23027
23028
23029
23030
23035
23037
23039
23040
23041
23042
23043
23047
23049
23051
23052
23055
23057
23058
23061
23062
23064
23065
23067
23070
23071
23073
23078
23088
23091
23092
23093
23095
23097
23099
23104
23110
23112
23116
23121
23122
23123
23128
23129
23131
23132
23139
23145
23147
23150
23154
23155
23161
23164
23165
23166
23171
23172
23173
23176
23177
23178
23181
23183
23184
23185
23186
23190
23193
23195
23196
23197
23199
23202
23203
23205
23207
23212
23214
23221
23223
23225
23227
23230
23236
23238
23240
23241
23244
23247
23248
23249
23252
23253
23254
23255
23262
23265
23267
23274
23275
23276
23279
23281
23283
23284
23285
23286
23289
23290
23291
23295
23296
23299
23303
23308
23312
23320
23321
23322
23323
23324
23325
23327
23328
23331
23332
23333
23336
23341
23344
23345
23347
23348
23349
23350
23351
23355
23357
23358
23360
23363
23364
23365
23366
23369
23370
