1000 1000 6226
0 101 1
0 330 1
0 362 1
0 453 1
0 596 1
0 845 1
1 42 1
1 355 1
1 403 1
1 527 1
1 616 1
2 250 1
2 309 1
2 345 1
2 479 1
2 709 1
2 737 1
2 816 1
2 836 1
3 139 1
3 164 1
3 310 1
3 758 1
3 843 1
4 24 1
4 79 1
4 301 1
4 384 1
4 543 1
4 881 1
4 996 1
5 36 1
5 56 1
5 97 1
5 592 1
5 608 1
5 857 1
6 125 1
6 203 1
6 221 1
6 262 1
6 620 1
6 637 1
6 807 1
6 928 1
7 57 1
7 63 1
7 81 1
7 158 1
7 810 1
8 815 1
8 849 1
8 926 1
8 937 1
8 953 1
9 14 1
9 109 1
9 461 1
9 751 1
9 946 1
10 507 1
10 733 1
10 754 1
10 794 1
10 980 1
11 146 1
11 365 1
11 499 1
11 706 1
11 940 1
12 159 1
12 160 1
12 214 1
12 290 1
12 313 1
12 452 1
12 498 1
12 963 1
13 30 1
13 288 1
13 523 1
13 826 1
13 853 1
13 931 1
14 9 1
14 109 1
14 461 1
14 677 1
14 887 1
14 946 1
15 365 1
15 373 1
15 482 1
15 538 1
15 585 1
15 601 1
15 678 1
16 78 1
16 361 1
16 398 1
16 812 1
16 873 1
17 112 1
17 182 1
17 354 1
17 468 1
17 924 1
18 308 1
18 552 1
18 565 1
18 594 1
18 739 1
18 970 1
18 976 1
19 48 1
19 563 1
19 668 1
19 793 1
19 883 1
19 922 1
20 278 1
20 413 1
20 520 1
20 532 1
20 741 1
21 85 1
21 511 1
21 774 1
21 779 1
21 818 1
21 909 1
22 148 1
22 582 1
22 584 1
22 827 1
22 889 1
23 75 1
23 94 1
23 143 1
23 164 1
23 415 1
23 515 1
23 537 1
23 856 1
24 4 1
24 73 1
24 130 1
24 252 1
24 301 1
24 543 1
24 584 1
25 104 1
25 166 1
25 347 1
25 355 1
25 949 1
25 983 1
26 83 1
26 86 1
26 325 1
26 336 1
26 395 1
26 808 1
26 929 1
27 222 1
27 650 1
27 750 1
27 835 1
27 846 1
27 902 1
27 972 1
28 346 1
28 394 1
28 487 1
28 527 1
28 571 1
28 628 1
29 154 1
29 438 1
29 469 1
29 583 1
29 876 1
30 13 1
30 225 1
30 523 1
30 826 1
30 853 1
30 931 1
31 34 1
31 212 1
31 377 1
31 506 1
31 574 1
31 591 1
32 178 1
32 352 1
32 608 1
32 962 1
32 978 1
33 39 1
33 420 1
33 587 1
33 832 1
33 973 1
34 31 1
34 377 1
34 516 1
34 574 1
34 591 1
34 687 1
35 54 1
35 111 1
35 228 1
35 424 1
35 997 1
36 5 1
36 56 1
36 97 1
36 592 1
36 608 1
36 857 1
37 157 1
37 695 1
37 714 1
37 859 1
37 900 1
38 84 1
38 124 1
38 126 1
38 167 1
38 672 1
39 33 1
39 587 1
39 668 1
39 832 1
39 973 1
40 52 1
40 75 1
40 276 1
40 371 1
40 537 1
40 842 1
41 155 1
41 181 1
41 199 1
41 206 1
41 231 1
41 244 1
41 378 1
41 533 1
42 1 1
42 55 1
42 312 1
42 403 1
42 527 1
42 571 1
42 616 1
42 995 1
43 97 1
43 253 1
43 326 1
43 518 1
43 608 1
43 850 1
43 978 1
44 149 1
44 297 1
44 419 1
44 442 1
44 446 1
44 803 1
44 909 1
45 230 1
45 375 1
45 432 1
45 465 1
45 540 1
45 656 1
45 728 1
46 241 1
46 519 1
46 569 1
46 708 1
46 742 1
46 839 1
46 872 1
46 981 1
47 134 1
47 289 1
47 425 1
47 661 1
47 665 1
47 727 1
48 19 1
48 117 1
48 552 1
48 563 1
48 745 1
48 883 1
48 922 1
49 62 1
49 413 1
49 520 1
49 532 1
49 743 1
49 869 1
50 282 1
50 431 1
50 449 1
50 536 1
50 756 1
50 989 1
51 64 1
51 399 1
51 545 1
51 863 1
51 897 1
51 979 1
52 40 1
52 276 1
52 316 1
52 371 1
52 583 1
52 842 1
53 107 1
53 162 1
53 189 1
53 205 1
53 366 1
53 884 1
54 35 1
54 111 1
54 228 1
54 411 1
54 424 1
54 980 1
54 997 1
55 42 1
55 312 1
55 346 1
55 527 1
55 794 1
55 935 1
55 995 1
56 5 1
56 36 1
56 97 1
56 592 1
56 857 1
57 7 1
57 81 1
57 580 1
57 635 1
57 809 1
57 810 1
58 71 1
58 133 1
58 348 1
58 504 1
58 780 1
58 916 1
59 541 1
59 622 1
59 781 1
59 796 1
59 918 1
60 193 1
60 428 1
60 534 1
60 539 1
60 610 1
60 657 1
60 858 1
61 69 1
61 143 1
61 332 1
61 358 1
61 515 1
62 49 1
62 72 1
62 643 1
62 667 1
62 715 1
62 743 1
63 7 1
63 158 1
63 362 1
63 731 1
63 845 1
64 51 1
64 399 1
64 545 1
64 774 1
64 897 1
64 979 1
65 140 1
65 163 1
65 723 1
65 820 1
65 882 1
66 621 1
66 736 1
66 744 1
66 764 1
66 917 1
67 222 1
67 309 1
67 750 1
67 846 1
67 848 1
67 902 1
68 275 1
68 416 1
68 718 1
68 788 1
68 894 1
69 61 1
69 127 1
69 664 1
69 871 1
69 948 1
70 171 1
70 324 1
70 826 1
70 931 1
70 991 1
71 58 1
71 133 1
71 280 1
71 348 1
71 603 1
71 780 1
72 62 1
72 299 1
72 438 1
72 583 1
72 643 1
72 667 1
72 743 1
73 24 1
73 148 1
73 252 1
73 582 1
73 584 1
73 827 1
74 118 1
74 670 1
74 681 1
74 802 1
74 847 1
75 23 1
75 40 1
75 94 1
75 164 1
75 276 1
75 415 1
75 537 1
75 842 1
75 856 1
76 82 1
76 115 1
76 187 1
76 762 1
76 891 1
77 177 1
77 639 1
77 660 1
77 788 1
77 894 1
78 16 1
78 121 1
78 275 1
78 361 1
78 398 1
78 611 1
78 619 1
78 718 1
79 4 1
79 95 1
79 384 1
79 543 1
79 716 1
79 881 1
80 92 1
80 110 1
80 217 1
80 514 1
80 525 1
80 692 1
81 7 1
81 57 1
81 191 1
81 580 1
81 717 1
81 809 1
82 76 1
82 115 1
82 187 1
82 448 1
82 805 1
82 891 1
83 26 1
83 86 1
83 306 1
83 342 1
83 395 1
83 418 1
83 808 1
84 38 1
84 124 1
84 126 1
84 167 1
84 672 1
85 21 1
85 172 1
85 218 1
85 376 1
85 511 1
85 909 1
86 26 1
86 83 1
86 264 1
86 325 1
86 418 1
86 558 1
86 775 1
86 784 1
86 898 1
87 118 1
87 561 1
87 599 1
87 681 1
87 934 1
87 982 1
88 152 1
88 401 1
88 433 1
88 690 1
88 824 1
89 136 1
89 220 1
89 400 1
89 486 1
89 604 1
89 965 1
90 191 1
90 580 1
90 725 1
90 809 1
90 996 1
91 119 1
91 125 1
91 134 1
91 661 1
91 707 1
91 727 1
91 954 1
92 80 1
92 217 1
92 514 1
92 525 1
92 692 1
93 170 1
93 204 1
93 562 1
93 658 1
93 669 1
93 879 1
94 23 1
94 75 1
94 164 1
94 415 1
94 537 1
95 79 1
95 369 1
95 384 1
95 406 1
95 881 1
95 996 1
96 356 1
96 480 1
96 629 1
96 639 1
96 660 1
96 993 1
97 5 1
97 36 1
97 43 1
97 56 1
97 326 1
97 608 1
97 857 1
98 122 1
98 507 1
98 645 1
98 701 1
98 878 1
99 292 1
99 338 1
99 359 1
99 649 1
99 797 1
99 800 1
99 875 1
99 943 1
100 184 1
100 321 1
100 386 1
100 460 1
100 519 1
100 683 1
100 953 1
101 0 1
101 330 1
101 362 1
101 453 1
101 596 1
101 638 1
102 163 1
102 357 1
102 450 1
102 484 1
102 729 1
102 795 1
102 896 1
103 175 1
103 468 1
103 554 1
103 567 1
103 870 1
103 939 1
104 25 1
104 166 1
104 347 1
104 380 1
104 877 1
104 949 1
104 983 1
105 208 1
105 269 1
105 343 1
105 712 1
105 753 1
105 761 1
106 108 1
106 327 1
106 463 1
106 578 1
106 699 1
106 773 1
106 822 1
106 868 1
107 53 1
107 162 1
107 189 1
107 205 1
107 843 1
108 106 1
108 463 1
108 699 1
108 773 1
108 868 1
109 9 1
109 14 1
109 461 1
109 677 1
109 887 1
109 969 1
110 80 1
110 166 1
110 380 1
110 421 1
110 514 1
110 877 1
111 35 1
111 54 1
111 228 1
111 335 1
111 424 1
112 17 1
112 266 1
112 354 1
112 356 1
112 437 1
112 526 1
112 629 1
112 924 1
113 387 1
113 555 1
113 680 1
113 699 1
113 897 1
114 247 1
114 391 1
114 411 1
114 674 1
114 980 1
114 987 1
115 76 1
115 82 1
115 187 1
115 366 1
115 762 1
115 801 1
115 884 1
115 891 1
116 139 1
116 310 1
116 360 1
116 663 1
116 734 1
116 801 1
116 948 1
117 48 1
117 226 1
117 552 1
117 612 1
117 922 1
118 74 1
118 87 1
118 147 1
118 599 1
118 644 1
118 802 1
118 847 1
119 91 1
119 125 1
119 661 1
119 696 1
119 707 1
119 727 1
119 954 1
120 234 1
120 370 1
120 492 1
120 504 1
120 624 1
120 767 1
121 78 1
121 254 1
121 363 1
121 396 1
121 435 1
122 98 1
122 507 1
122 878 1
122 935 1
122 995 1
123 308 1
123 541 1
123 622 1
123 796 1
123 970 1
124 38 1
124 84 1
124 126 1
124 188 1
124 402 1
124 672 1
125 6 1
125 91 1
125 119 1
125 134 1
125 262 1
125 637 1
125 707 1
125 954 1
126 38 1
126 84 1
126 124 1
126 364 1
126 738 1
127 69 1
127 663 1
127 664 1
127 871 1
127 948 1
128 233 1
128 451 1
128 581 1
128 659 1
128 851 1
129 192 1
129 243 1
129 429 1
129 535 1
129 544 1
129 798 1
129 929 1
130 24 1
130 252 1
130 288 1
130 543 1
130 716 1
131 182 1
131 232 1
131 417 1
131 551 1
131 713 1
131 873 1
131 986 1
132 490 1
132 605 1
132 698 1
132 710 1
132 715 1
132 869 1
133 58 1
133 71 1
133 280 1
133 348 1
133 780 1
133 859 1
134 47 1
134 91 1
134 125 1
134 661 1
134 665 1
134 707 1
135 258 1
135 475 1
135 484 1
135 640 1
135 670 1
135 688 1
135 705 1
136 89 1
136 314 1
136 408 1
136 486 1
136 604 1
136 963 1
136 965 1
136 968 1
137 232 1
137 417 1
137 556 1
137 837 1
137 873 1
137 901 1
138 505 1
138 648 1
138 691 1
138 694 1
138 919 1
139 3 1
139 116 1
139 310 1
139 758 1
139 843 1
139 948 1
140 65 1
140 449 1
140 723 1
140 820 1
140 882 1
141 153 1
141 277 1
141 443 1
141 473 1
141 485 1
141 513 1
141 985 1
142 167 1
142 317 1
142 412 1
142 617 1
142 641 1
142 672 1
142 700 1
143 23 1
143 61 1
143 515 1
143 664 1
143 758 1
144 198 1
144 393 1
144 407 1
144 648 1
144 694 1
144 841 1
144 913 1
145 337 1
145 466 1
145 553 1
145 736 1
145 942 1
146 11 1
146 499 1
146 706 1
146 889 1
146 940 1
147 118 1
147 284 1
147 389 1
147 494 1
147 644 1
147 802 1
147 847 1
148 22 1
148 73 1
148 538 1
148 582 1
148 584 1
148 827 1
148 889 1
149 44 1
149 327 1
149 419 1
149 446 1
149 787 1
149 822 1
150 375 1
150 540 1
150 656 1
150 662 1
150 903 1
150 956 1
151 374 1
151 383 1
151 466 1
151 478 1
151 693 1
151 880 1
151 961 1
152 88 1
152 259 1
152 401 1
152 433 1
152 631 1
152 690 1
152 824 1
152 999 1
153 141 1
153 277 1
153 443 1
153 513 1
153 817 1
154 29 1
154 278 1
154 469 1
154 741 1
154 876 1
154 971 1
155 41 1
155 206 1
155 231 1
155 378 1
155 609 1
155 651 1
156 193 1
156 382 1
156 534 1
156 539 1
156 657 1
156 769 1
157 37 1
157 287 1
157 564 1
157 695 1
157 859 1
158 7 1
158 63 1
158 539 1
158 610 1
158 845 1
159 12 1
159 160 1
159 290 1
159 313 1
159 760 1
159 811 1
159 828 1
159 932 1
160 12 1
160 159 1
160 214 1
160 290 1
160 313 1
160 452 1
160 828 1
160 963 1
161 373 1
161 621 1
161 744 1
161 749 1
161 764 1
161 840 1
161 917 1
162 53 1
162 107 1
162 189 1
162 205 1
162 843 1
163 65 1
163 102 1
163 357 1
163 729 1
163 820 1
163 896 1
164 3 1
164 23 1
164 75 1
164 94 1
164 415 1
164 537 1
165 183 1
165 185 1
165 248 1
165 646 1
165 654 1
165 676 1
165 945 1
166 25 1
166 104 1
166 110 1
166 380 1
166 421 1
166 830 1
166 877 1
166 949 1
166 983 1
167 38 1
167 84 1
167 142 1
167 402 1
167 617 1
167 641 1
167 672 1
167 700 1
168 204 1
168 283 1
168 337 1
168 757 1
168 942 1
168 961 1
169 318 1
169 366 1
169 550 1
169 762 1
169 884 1
170 93 1
170 562 1
170 702 1
170 879 1
170 885 1
170 941 1
171 70 1
171 324 1
171 477 1
171 826 1
171 931 1
172 85 1
172 218 1
172 376 1
172 446 1
172 822 1
173 233 1
173 349 1
173 387 1
173 423 1
173 451 1
173 555 1
173 759 1
173 936 1
174 295 1
174 329 1
174 497 1
174 512 1
174 653 1
174 804 1
175 103 1
175 266 1
175 294 1
175 354 1
175 468 1
175 526 1
175 939 1
175 993 1
176 484 1
176 593 1
176 777 1
176 782 1
176 820 1
176 867 1
177 77 1
177 639 1
177 660 1
177 788 1
177 894 1
178 32 1
178 352 1
178 440 1
178 606 1
178 789 1
178 888 1
178 962 1
179 212 1
179 439 1
179 595 1
179 679 1
179 965 1
180 307 1
180 448 1
180 557 1
180 597 1
180 855 1
181 41 1
181 206 1
181 213 1
181 378 1
181 489 1
182 17 1
182 131 1
182 323 1
182 551 1
182 713 1
182 986 1
183 165 1
183 248 1
183 676 1
183 779 1
183 818 1
183 945 1
184 100 1
184 321 1
184 386 1
184 634 1
184 682 1
184 964 1
184 990 1
185 165 1
185 210 1
185 510 1
185 646 1
185 654 1
185 676 1
185 721 1
186 209 1
186 261 1
186 302 1
186 561 1
186 598 1
186 982 1
187 76 1
187 82 1
187 115 1
187 238 1
187 448 1
187 805 1
188 124 1
188 315 1
188 402 1
188 404 1
188 459 1
188 618 1
189 53 1
189 107 1
189 162 1
189 205 1
189 843 1
190 379 1
190 500 1
190 559 1
190 589 1
190 607 1
190 766 1
190 772 1
191 81 1
191 90 1
191 406 1
191 717 1
191 996 1
192 129 1
192 243 1
192 429 1
192 501 1
192 535 1
192 544 1
192 798 1
192 929 1
193 60 1
193 156 1
193 428 1
193 534 1
193 657 1
193 858 1
193 959 1
194 458 1
194 530 1
194 719 1
194 864 1
194 865 1
195 256 1
195 311 1
195 520 1
195 724 1
195 890 1
196 281 1
196 410 1
196 444 1
196 671 1
196 921 1
196 933 1
196 960 1
196 975 1
197 538 1
197 601 1
197 678 1
197 755 1
197 906 1
198 144 1
198 393 1
198 630 1
198 694 1
198 913 1
199 41 1
199 206 1
199 231 1
199 244 1
199 489 1
199 533 1
200 368 1
200 462 1
200 720 1
200 739 1
200 992 1
201 209 1
201 261 1
201 324 1
201 547 1
201 938 1
202 464 1
202 476 1
202 481 1
202 560 1
202 711 1
202 971 1
203 6 1
203 262 1
203 620 1
203 778 1
203 807 1
203 928 1
204 93 1
204 168 1
204 562 1
204 658 1
204 669 1
204 757 1
204 879 1
205 53 1
205 107 1
205 162 1
205 189 1
205 734 1
205 843 1
205 884 1
206 41 1
206 155 1
206 181 1
206 199 1
206 231 1
206 244 1
206 378 1
206 533 1
207 285 1
207 580 1
207 635 1
207 809 1
207 912 1
208 105 1
208 269 1
208 311 1
208 576 1
208 712 1
208 724 1
208 753 1
208 761 1
209 186 1
209 201 1
209 261 1
209 547 1
209 703 1
209 938 1
210 185 1
210 249 1
210 510 1
210 588 1
210 721 1
211 227 1
211 509 1
211 529 1
211 587 1
211 745 1
211 970 1
212 31 1
212 179 1
212 439 1
212 506 1
212 595 1
213 181 1
213 378 1
213 658 1
213 669 1
213 740 1
214 12 1
214 160 1
214 313 1
214 452 1
214 963 1
215 505 1
215 519 1
215 691 1
215 839 1
215 966 1
215 981 1
216 298 1
216 467 1
216 480 1
216 655 1
216 756 1
216 925 1
217 80 1
217 92 1
217 414 1
217 514 1
217 525 1
217 692 1
217 892 1
218 85 1
218 172 1
218 376 1
218 680 1
218 822 1
218 868 1
219 361 1
219 713 1
219 791 1
219 812 1
219 924 1
220 89 1
220 400 1
220 486 1
220 606 1
220 789 1
220 963 1
221 6 1
221 262 1
221 474 1
221 620 1
221 637 1
222 27 1
222 67 1
222 263 1
222 750 1
222 846 1
222 902 1
223 331 1
223 341 1
223 445 1
223 618 1
223 748 1
223 770 1
224 295 1
224 329 1
224 341 1
224 445 1
224 497 1
224 508 1
224 785 1
224 829 1
225 30 1
225 390 1
225 523 1
225 652 1
225 951 1
226 117 1
226 407 1
226 612 1
226 673 1
226 883 1
226 919 1
227 211 1
227 509 1
227 529 1
227 563 1
227 668 1
227 745 1
227 793 1
228 35 1
228 54 1
228 111 1
228 335 1
228 411 1
228 424 1
229 235 1
229 272 1
229 328 1
229 566 1
229 614 1
229 703 1
230 45 1
230 339 1
230 645 1
230 684 1
230 701 1
230 910 1
230 956 1
231 41 1
231 155 1
231 199 1
231 206 1
231 244 1
231 533 1
231 609 1
232 131 1
232 137 1
232 267 1
232 417 1
232 551 1
232 837 1
232 901 1
233 128 1
233 173 1
233 296 1
233 349 1
233 423 1
233 451 1
233 759 1
233 851 1
234 120 1
234 315 1
234 492 1
234 504 1
234 624 1
234 704 1
234 767 1
234 886 1
234 952 1
235 229 1
235 272 1
235 328 1
235 530 1
235 566 1
235 614 1
235 719 1
235 783 1
235 899 1
236 268 1
236 430 1
236 645 1
236 684 1
236 701 1
237 255 1
237 426 1
237 491 1
237 531 1
237 696 1
237 727 1
237 954 1
238 187 1
238 368 1
238 542 1
238 548 1
238 720 1
238 730 1
238 805 1
239 382 1
239 481 1
239 546 1
239 834 1
239 984 1
240 456 1
240 874 1
240 921 1
240 933 1
240 975 1
241 46 1
241 460 1
241 708 1
241 742 1
241 872 1
242 289 1
242 425 1
242 495 1
242 522 1
242 613 1
242 763 1
242 823 1
242 838 1
242 844 1
243 129 1
243 192 1
243 427 1
243 434 1
243 535 1
243 544 1
243 675 1
243 798 1
243 819 1
244 41 1
244 199 1
244 206 1
244 231 1
244 303 1
244 533 1
245 516 1
245 570 1
245 630 1
245 679 1
245 687 1
245 841 1
246 522 1
246 573 1
246 602 1
246 613 1
246 642 1
246 747 1
246 813 1
246 988 1
247 114 1
247 391 1
247 411 1
247 674 1
247 987 1
248 165 1
248 183 1
248 654 1
248 676 1
248 945 1
249 210 1
249 333 1
249 510 1
249 568 1
249 581 1
249 588 1
249 721 1
249 852 1
250 2 1
250 309 1
250 379 1
250 737 1
250 816 1
251 314 1
251 590 1
251 604 1
251 926 1
251 968 1
252 24 1
252 73 1
252 130 1
252 288 1
252 543 1
252 716 1
253 43 1
253 397 1
253 518 1
253 751 1
253 946 1
253 978 1
254 121 1
254 363 1
254 396 1
254 435 1
254 502 1
254 697 1
255 237 1
255 531 1
255 573 1
255 727 1
255 988 1
256 195 1
256 560 1
256 627 1
256 890 1
256 994 1
257 291 1
257 549 1
257 575 1
257 577 1
257 647 1
258 135 1
258 475 1
258 670 1
258 688 1
258 705 1
259 152 1
259 265 1
259 268 1
259 344 1
259 401 1
259 430 1
259 631 1
259 999 1
260 274 1
260 307 1
260 541 1
260 557 1
260 597 1
260 765 1
261 186 1
261 201 1
261 209 1
261 324 1
261 547 1
261 938 1
262 6 1
262 125 1
262 203 1
262 221 1
262 474 1
262 620 1
262 637 1
262 807 1
262 928 1
263 222 1
263 493 1
263 524 1
263 750 1
263 848 1
264 86 1
264 271 1
264 418 1
264 558 1
264 775 1
264 784 1
264 958 1
265 259 1
265 268 1
265 304 1
265 344 1
265 447 1
265 684 1
266 112 1
266 175 1
266 294 1
266 354 1
266 437 1
266 526 1
266 993 1
267 232 1
267 323 1
267 662 1
267 903 1
267 986 1
268 236 1
268 259 1
268 265 1
268 430 1
268 433 1
268 631 1
269 105 1
269 208 1
269 343 1
269 712 1
269 753 1
269 761 1
270 353 1
270 470 1
270 572 1
270 732 1
270 776 1
270 806 1
271 264 1
271 306 1
271 367 1
271 418 1
271 472 1
271 558 1
272 229 1
272 235 1
272 328 1
272 566 1
272 703 1
273 461 1
273 677 1
273 875 1
273 887 1
273 957 1
273 969 1
274 260 1
274 307 1
274 308 1
274 548 1
274 594 1
275 68 1
275 78 1
275 416 1
275 619 1
275 718 1
276 40 1
276 52 1
276 75 1
276 316 1
276 371 1
276 415 1
276 842 1
277 141 1
277 153 1
277 443 1
277 485 1
277 513 1
277 628 1
277 726 1
278 20 1
278 154 1
278 469 1
278 532 1
278 711 1
278 741 1
279 281 1
279 300 1
279 320 1
279 409 1
279 457 1
279 814 1
279 934 1
280 71 1
280 133 1
280 348 1
280 780 1
280 859 1
281 196 1
281 279 1
281 409 1
281 444 1
281 457 1
281 933 1
281 975 1
282 50 1
282 431 1
282 536 1
282 615 1
282 756 1
282 989 1
283 168 1
283 658 1
283 669 1
283 693 1
283 740 1
283 961 1
284 147 1
284 389 1
284 494 1
284 802 1
284 847 1
284 998 1
285 207 1
285 301 1
285 350 1
285 471 1
285 600 1
285 725 1
285 862 1
285 912 1
285 947 1
286 602 1
286 613 1
286 633 1
286 747 1
286 813 1
286 861 1
287 157 1
287 305 1
287 564 1
287 695 1
287 722 1
288 13 1
288 130 1
288 252 1
288 716 1
288 853 1
289 47 1
289 242 1
289 425 1
289 522 1
289 838 1
289 988 1
290 12 1
290 159 1
290 160 1
290 408 1
290 498 1
290 760 1
290 811 1
290 923 1
290 963 1
291 257 1
291 549 1
291 575 1
291 577 1
291 647 1
292 99 1
292 338 1
292 441 1
292 636 1
292 649 1
292 797 1
292 943 1
293 322 1
293 436 1
293 512 1
293 517 1
293 623 1
293 653 1
293 907 1
294 175 1
294 266 1
294 354 1
294 437 1
294 480 1
294 526 1
294 615 1
294 993 1
295 174 1
295 224 1
295 459 1
295 497 1
295 512 1
295 618 1
295 653 1
295 770 1
295 804 1
296 233 1
296 349 1
296 555 1
296 759 1
296 936 1
297 44 1
297 419 1
297 442 1
297 575 1
297 803 1
297 909 1
297 914 1
298 216 1
298 467 1
298 480 1
298 639 1
298 655 1
298 925 1
299 72 1
299 316 1
299 643 1
299 667 1
299 856 1
300 279 1
300 320 1
300 409 1
300 457 1
300 644 1
300 814 1
301 4 1
301 24 1
301 285 1
301 384 1
301 543 1
301 725 1
302 186 1
302 450 1
302 586 1
302 598 1
302 640 1
302 681 1
303 244 1
303 431 1
303 449 1
303 533 1
303 723 1
303 989 1
304 265 1
304 344 1
304 353 1
304 447 1
304 572 1
304 684 1
304 776 1
304 910 1
305 287 1
305 549 1
305 564 1
305 577 1
305 722 1
306 83 1
306 271 1
306 342 1
306 395 1
306 418 1
307 180 1
307 260 1
307 274 1
307 557 1
307 597 1
307 765 1
308 18 1
308 123 1
308 274 1
308 565 1
308 594 1
308 976 1
309 2 1
309 67 1
309 250 1
309 345 1
309 816 1
309 846 1
309 848 1
309 893 1
309 972 1
310 3 1
310 116 1
310 139 1
310 663 1
310 664 1
310 758 1
310 948 1
311 195 1
311 208 1
311 576 1
311 712 1
311 724 1
311 761 1
311 866 1
311 890 1
312 42 1
312 55 1
312 403 1
312 507 1
312 527 1
312 616 1
312 794 1
312 935 1
312 995 1
313 12 1
313 159 1
313 160 1
313 214 1
313 452 1
313 828 1
314 136 1
314 251 1
314 408 1
314 590 1
314 604 1
314 968 1
315 188 1
315 234 1
315 404 1
315 492 1
315 886 1
316 52 1
316 276 1
316 299 1
316 371 1
316 583 1
316 842 1
316 856 1
317 142 1
317 340 1
317 617 1
317 633 1
317 672 1
318 169 1
318 366 1
318 448 1
318 550 1
318 762 1
319 420 1
319 569 1
319 708 1
319 781 1
319 832 1
320 279 1
320 300 1
320 409 1
320 561 1
320 814 1
320 934 1
320 982 1
321 100 1
321 184 1
321 386 1
321 460 1
321 682 1
321 683 1
321 964 1
322 293 1
322 454 1
322 512 1
322 623 1
322 907 1
323 182 1
323 267 1
323 662 1
323 903 1
323 986 1
324 70 1
324 171 1
324 201 1
324 261 1
324 477 1
324 547 1
324 938 1
325 26 1
325 86 1
325 429 1
325 898 1
325 929 1
326 43 1
326 97 1
326 429 1
326 518 1
326 521 1
326 798 1
326 850 1
327 106 1
327 149 1
327 463 1
327 578 1
327 787 1
328 229 1
328 235 1
328 272 1
328 566 1
328 703 1
328 864 1
329 174 1
329 224 1
329 497 1
329 804 1
329 829 1
330 0 1
330 101 1
330 362 1
330 731 1
330 792 1
330 911 1
330 915 1
331 223 1
331 341 1
331 445 1
331 686 1
331 746 1
331 748 1
332 61 1
332 358 1
332 515 1
332 605 1
332 974 1
333 249 1
333 374 1
333 383 1
333 528 1
333 568 1
333 852 1
334 335 1
334 367 1
334 472 1
334 632 1
334 930 1
334 967 1
335 111 1
335 228 1
335 334 1
335 424 1
335 472 1
335 967 1
336 26 1
336 501 1
336 535 1
336 625 1
336 808 1
336 957 1
337 145 1
337 168 1
337 553 1
337 736 1
337 757 1
337 942 1
337 961 1
338 99 1
338 292 1
338 342 1
338 636 1
338 649 1
338 797 1
339 230 1
339 684 1
339 728 1
339 776 1
339 910 1
340 317 1
340 412 1
340 633 1
340 854 1
340 904 1
341 223 1
341 224 1
341 331 1
341 445 1
341 508 1
341 686 1
341 748 1
341 785 1
341 829 1
342 83 1
342 306 1
342 338 1
342 395 1
342 636 1
343 105 1
343 269 1
343 712 1
343 753 1
343 761 1
344 259 1
344 265 1
344 304 1
344 447 1
344 684 1
345 2 1
345 309 1
345 479 1
345 816 1
345 893 1
345 972 1
346 28 1
346 55 1
346 430 1
346 487 1
346 527 1
347 25 1
347 104 1
347 391 1
347 949 1
347 983 1
348 58 1
348 71 1
348 133 1
348 280 1
348 780 1
348 859 1
349 173 1
349 233 1
349 296 1
349 423 1
349 451 1
349 555 1
349 759 1
349 851 1
349 936 1
350 285 1
350 471 1
350 600 1
350 862 1
350 947 1
351 381 1
351 392 1
351 422 1
351 454 1
351 786 1
351 831 1
352 32 1
352 178 1
352 440 1
352 452 1
352 789 1
352 962 1
353 270 1
353 304 1
353 364 1
353 447 1
353 572 1
353 776 1
354 17 1
354 112 1
354 175 1
354 266 1
354 294 1
354 437 1
354 468 1
354 526 1
354 993 1
355 1 1
355 25 1
355 403 1
355 799 1
355 817 1
355 830 1
355 949 1
356 96 1
356 112 1
356 437 1
356 629 1
356 639 1
356 660 1
356 924 1
357 102 1
357 163 1
357 405 1
357 895 1
357 896 1
357 927 1
357 950 1
357 991 1
358 61 1
358 332 1
358 490 1
358 605 1
358 974 1
359 99 1
359 414 1
359 800 1
359 833 1
359 875 1
359 943 1
359 944 1
360 116 1
360 462 1
360 801 1
360 805 1
360 891 1
361 16 1
361 78 1
361 219 1
361 398 1
361 611 1
361 619 1
361 791 1
361 812 1
362 0 1
362 63 1
362 101 1
362 330 1
362 610 1
362 845 1
363 121 1
363 254 1
363 396 1
363 435 1
363 697 1
363 709 1
363 836 1
364 126 1
364 353 1
364 738 1
364 752 1
364 999 1
365 11 1
365 15 1
365 373 1
365 482 1
365 499 1
365 585 1
365 706 1
365 749 1
365 940 1
366 53 1
366 115 1
366 169 1
366 318 1
366 550 1
366 884 1
366 891 1
367 271 1
367 334 1
367 472 1
367 930 1
367 967 1
368 200 1
368 238 1
368 462 1
368 542 1
368 548 1
368 720 1
368 730 1
368 805 1
369 95 1
369 458 1
369 483 1
369 792 1
369 911 1
370 120 1
370 624 1
370 714 1
370 735 1
370 746 1
371 40 1
371 52 1
371 276 1
371 316 1
371 842 1
372 385 1
372 398 1
372 559 1
372 689 1
372 768 1
373 15 1
373 161 1
373 365 1
373 482 1
373 678 1
373 749 1
373 840 1
374 151 1
374 333 1
374 383 1
374 528 1
374 568 1
374 588 1
374 693 1
374 852 1
374 880 1
375 45 1
375 150 1
375 540 1
375 656 1
375 956 1
376 85 1
376 172 1
376 218 1
376 446 1
376 511 1
376 822 1
377 31 1
377 34 1
377 574 1
377 591 1
377 687 1
378 41 1
378 155 1
378 181 1
378 206 1
378 213 1
378 651 1
379 190 1
379 250 1
379 455 1
379 607 1
379 737 1
379 766 1
379 771 1
380 104 1
380 110 1
380 166 1
380 421 1
380 525 1
380 877 1
381 351 1
381 392 1
381 422 1
381 454 1
381 786 1
381 831 1
382 156 1
382 239 1
382 534 1
382 657 1
382 769 1
382 834 1
383 151 1
383 333 1
383 374 1
383 466 1
383 478 1
383 528 1
383 568 1
383 852 1
383 880 1
384 4 1
384 79 1
384 95 1
384 301 1
384 406 1
384 543 1
384 725 1
384 881 1
384 996 1
385 372 1
385 500 1
385 559 1
385 689 1
385 768 1
385 772 1
386 100 1
386 184 1
386 321 1
386 460 1
386 519 1
386 839 1
386 964 1
387 113 1
387 173 1
387 423 1
387 451 1
387 488 1
387 759 1
387 897 1
388 453 1
388 626 1
388 638 1
388 666 1
388 825 1
388 908 1
389 147 1
389 284 1
389 494 1
389 644 1
389 802 1
389 847 1
389 998 1
390 225 1
390 523 1
390 609 1
390 652 1
390 882 1
390 951 1
391 114 1
391 247 1
391 347 1
391 411 1
391 674 1
391 980 1
391 987 1
392 351 1
392 381 1
392 422 1
392 579 1
392 786 1
392 831 1
392 854 1
392 904 1
393 144 1
393 198 1
393 630 1
393 841 1
393 913 1
393 920 1
394 28 1
394 487 1
394 527 1
394 571 1
394 616 1
394 628 1
394 726 1
395 26 1
395 83 1
395 306 1
395 342 1
395 418 1
395 808 1
396 121 1
396 254 1
396 363 1
396 435 1
396 502 1
396 697 1
397 253 1
397 427 1
397 521 1
397 675 1
397 798 1
397 850 1
397 946 1
398 16 1
398 78 1
398 361 1
398 372 1
398 619 1
399 51 1
399 64 1
399 545 1
399 680 1
399 897 1
399 979 1
400 89 1
400 220 1
400 486 1
400 506 1
400 606 1
400 965 1
401 88 1
401 152 1
401 259 1
401 433 1
401 631 1
401 690 1
401 824 1
401 999 1
402 124 1
402 167 1
402 188 1
402 459 1
402 641 1
402 770 1
403 1 1
403 42 1
403 312 1
403 355 1
403 616 1
403 794 1
404 188 1
404 315 1
404 492 1
404 618 1
404 886 1
405 357 1
405 450 1
405 598 1
405 895 1
405 896 1
405 927 1
405 950 1
405 991 1
406 95 1
406 191 1
406 384 1
406 717 1
406 996 1
407 144 1
407 226 1
407 612 1
407 648 1
407 673 1
407 694 1
407 913 1
408 136 1
408 290 1
408 314 1
408 498 1
408 963 1
409 279 1
409 281 1
409 300 1
409 320 1
409 457 1
409 814 1
410 196 1
410 494 1
410 671 1
410 921 1
410 960 1
411 54 1
411 114 1
411 228 1
411 247 1
411 391 1
411 424 1
411 674 1
411 980 1
411 987 1
411 997 1
412 142 1
412 340 1
412 617 1
412 685 1
412 700 1
412 904 1
413 20 1
413 49 1
413 520 1
413 532 1
413 741 1
413 743 1
414 217 1
414 359 1
414 525 1
414 692 1
414 800 1
414 833 1
414 892 1
414 944 1
414 955 1
415 23 1
415 75 1
415 94 1
415 164 1
415 276 1
415 537 1
415 856 1
416 68 1
416 275 1
416 611 1
416 619 1
416 718 1
416 788 1
416 894 1
417 131 1
417 137 1
417 232 1
417 551 1
417 689 1
417 837 1
417 873 1
417 901 1
418 83 1
418 86 1
418 264 1
418 271 1
418 306 1
418 395 1
418 558 1
418 784 1
419 44 1
419 149 1
419 297 1
419 442 1
419 446 1
419 578 1
419 787 1
419 914 1
420 33 1
420 319 1
420 529 1
420 587 1
420 622 1
420 781 1
420 832 1
420 973 1
421 110 1
421 166 1
421 380 1
421 778 1
421 830 1
421 877 1
422 351 1
422 381 1
422 392 1
422 579 1
422 786 1
422 831 1
423 173 1
423 233 1
423 349 1
423 387 1
423 451 1
423 759 1
424 35 1
424 54 1
424 111 1
424 228 1
424 335 1
424 411 1
425 47 1
425 242 1
425 289 1
425 522 1
425 613 1
425 838 1
425 988 1
426 237 1
426 474 1
426 491 1
426 696 1
426 954 1
427 243 1
427 397 1
427 434 1
427 544 1
427 675 1
427 819 1
428 60 1
428 193 1
428 534 1
428 610 1
428 657 1
428 858 1
428 860 1
429 129 1
429 192 1
429 325 1
429 326 1
429 898 1
429 929 1
430 236 1
430 259 1
430 268 1
430 346 1
430 433 1
430 631 1
430 645 1
431 50 1
431 282 1
431 303 1
431 449 1
431 989 1
432 45 1
432 465 1
432 728 1
432 910 1
432 977 1
433 88 1
433 152 1
433 268 1
433 401 1
433 430 1
433 631 1
433 690 1
434 243 1
434 427 1
434 544 1
434 675 1
434 819 1
435 121 1
435 254 1
435 363 1
435 396 1
435 502 1
435 718 1
436 293 1
436 517 1
436 641 1
436 685 1
436 700 1
436 907 1
437 112 1
437 266 1
437 294 1
437 354 1
437 356 1
437 526 1
437 629 1
437 993 1
438 29 1
438 72 1
438 469 1
438 583 1
438 876 1
439 179 1
439 212 1
439 506 1
439 595 1
439 965 1
440 178 1
440 352 1
440 789 1
440 888 1
440 962 1
441 292 1
441 632 1
441 636 1
441 797 1
441 930 1
441 955 1
442 44 1
442 297 1
442 419 1
442 575 1
442 787 1
442 914 1
443 141 1
443 153 1
443 277 1
443 485 1
443 513 1
444 196 1
444 281 1
444 457 1
444 933 1
444 975 1
445 223 1
445 224 1
445 331 1
445 341 1
445 618 1
445 748 1
445 770 1
445 829 1
446 44 1
446 149 1
446 172 1
446 376 1
446 419 1
446 511 1
446 803 1
446 822 1
446 909 1
447 265 1
447 304 1
447 344 1
447 353 1
447 572 1
447 684 1
448 82 1
448 180 1
448 187 1
448 318 1
448 550 1
448 597 1
448 762 1
449 50 1
449 140 1
449 303 1
449 431 1
449 723 1
449 989 1
450 102 1
450 302 1
450 405 1
450 586 1
450 729 1
450 795 1
450 896 1
451 128 1
451 173 1
451 233 1
451 349 1
451 387 1
451 423 1
451 488 1
451 659 1
451 759 1
451 863 1
452 12 1
452 160 1
452 214 1
452 313 1
452 352 1
452 828 1
452 962 1
453 0 1
453 101 1
453 388 1
453 596 1
453 626 1
453 638 1
453 908 1
454 322 1
454 351 1
454 381 1
454 623 1
454 804 1
455 379 1
455 524 1
455 589 1
455 607 1
455 737 1
455 771 1
456 240 1
456 874 1
456 921 1
456 933 1
456 975 1
457 279 1
457 281 1
457 300 1
457 409 1
457 444 1
458 194 1
458 369 1
458 530 1
458 716 1
458 719 1
459 188 1
459 295 1
459 402 1
459 618 1
459 770 1
460 100 1
460 241 1
460 321 1
460 386 1
460 519 1
460 683 1
460 742 1
461 9 1
461 14 1
461 109 1
461 273 1
461 677 1
461 887 1
461 969 1
462 200 1
462 360 1
462 368 1
462 720 1
462 805 1
463 106 1
463 108 1
463 327 1
463 578 1
463 699 1
463 773 1
463 868 1
464 202 1
464 476 1
464 481 1
464 560 1
464 711 1
464 971 1
465 45 1
465 432 1
465 493 1
465 728 1
465 790 1
465 977 1
466 145 1
466 151 1
466 383 1
466 478 1
466 693 1
466 880 1
466 961 1
467 216 1
467 298 1
467 480 1
467 536 1
467 615 1
467 655 1
467 756 1
467 925 1
468 17 1
468 103 1
468 175 1
468 354 1
468 939 1
469 29 1
469 154 1
469 278 1
469 438 1
469 876 1
469 971 1
470 270 1
470 732 1
470 776 1
470 806 1
470 910 1
471 285 1
471 350 1
471 600 1
471 862 1
471 947 1
472 271 1
472 334 1
472 335 1
472 367 1
472 967 1
473 141 1
473 485 1
473 513 1
473 752 1
473 985 1
474 221 1
474 262 1
474 426 1
474 491 1
474 637 1
474 696 1
475 135 1
475 258 1
475 484 1
475 640 1
475 670 1
475 688 1
475 705 1
476 202 1
476 464 1
476 481 1
476 560 1
476 711 1
477 171 1
477 324 1
477 547 1
477 614 1
477 703 1
477 899 1
477 938 1
478 151 1
478 383 1
478 466 1
478 693 1
478 740 1
478 880 1
478 961 1
479 2 1
479 345 1
479 697 1
479 816 1
479 836 1
480 96 1
480 216 1
480 294 1
480 298 1
480 467 1
480 615 1
481 202 1
481 239 1
481 464 1
481 476 1
481 546 1
481 560 1
481 834 1
481 984 1
481 994 1
482 15 1
482 365 1
482 373 1
482 585 1
482 678 1
483 369 1
483 717 1
483 731 1
483 792 1
483 911 1
483 915 1
484 102 1
484 135 1
484 176 1
484 475 1
484 729 1
484 782 1
484 795 1
485 141 1
485 277 1
485 443 1
485 473 1
485 513 1
485 752 1
485 985 1
486 89 1
486 136 1
486 220 1
486 400 1
486 604 1
486 606 1
486 965 1
487 28 1
487 346 1
487 394 1
487 527 1
487 571 1
488 387 1
488 451 1
488 545 1
488 659 1
488 863 1
488 979 1
489 181 1
489 199 1
489 536 1
489 655 1
489 756 1
489 925 1
490 132 1
490 358 1
490 605 1
490 698 1
490 710 1
490 869 1
490 974 1
491 237 1
491 426 1
491 474 1
491 696 1
491 954 1
492 120 1
492 234 1
492 315 1
492 404 1
492 624 1
492 704 1
492 767 1
492 886 1
493 263 1
493 465 1
493 524 1
493 750 1
493 790 1
493 977 1
494 147 1
494 284 1
494 389 1
494 410 1
494 644 1
494 671 1
494 960 1
494 998 1
495 242 1
495 665 1
495 763 1
495 778 1
495 823 1
495 844 1
496 504 1
496 603 1
496 767 1
496 916 1
496 952 1
497 174 1
497 224 1
497 295 1
497 329 1
497 804 1
497 829 1
498 12 1
498 290 1
498 408 1
498 811 1
498 923 1
499 11 1
499 146 1
499 365 1
499 706 1
499 940 1
500 190 1
500 385 1
500 559 1
500 607 1
500 709 1
500 766 1
500 772 1
501 192 1
501 336 1
501 535 1
501 625 1
501 819 1
501 957 1
502 254 1
502 396 1
502 435 1
502 697 1
502 836 1
503 554 1
503 567 1
503 593 1
503 777 1
503 870 1
503 905 1
504 58 1
504 120 1
504 234 1
504 496 1
504 603 1
504 767 1
504 916 1
504 952 1
505 138 1
505 215 1
505 634 1
505 691 1
505 919 1
505 990 1
506 31 1
506 212 1
506 400 1
506 439 1
506 574 1
506 595 1
506 888 1
507 10 1
507 98 1
507 122 1
507 312 1
507 733 1
507 754 1
507 794 1
507 878 1
508 224 1
508 341 1
508 686 1
508 785 1
508 829 1
509 211 1
509 227 1
509 529 1
509 563 1
509 668 1
509 745 1
509 970 1
510 185 1
510 210 1
510 249 1
510 581 1
510 646 1
510 654 1
510 721 1
511 21 1
511 85 1
511 376 1
511 446 1
511 803 1
511 909 1
512 174 1
512 293 1
512 295 1
512 322 1
512 623 1
512 653 1
513 141 1
513 153 1
513 277 1
513 443 1
513 473 1
513 485 1
513 985 1
514 80 1
514 92 1
514 110 1
514 217 1
514 692 1
515 23 1
515 61 1
515 143 1
515 332 1
515 664 1
515 758 1
516 34 1
516 245 1
516 570 1
516 679 1
516 687 1
516 841 1
517 293 1
517 436 1
517 623 1
517 641 1
517 653 1
517 700 1
517 907 1
518 43 1
518 253 1
518 326 1
518 521 1
518 751 1
518 850 1
518 978 1
519 46 1
519 100 1
519 215 1
519 386 1
519 460 1
519 742 1
519 839 1
519 964 1
519 966 1
519 981 1
520 20 1
520 49 1
520 195 1
520 413 1
520 532 1
521 326 1
521 397 1
521 518 1
521 544 1
521 798 1
521 850 1
522 242 1
522 246 1
522 289 1
522 425 1
522 613 1
522 763 1
522 823 1
522 838 1
522 844 1
523 13 1
523 30 1
523 225 1
523 390 1
523 651 1
523 652 1
523 853 1
523 951 1
524 263 1
524 455 1
524 493 1
524 771 1
524 790 1
524 821 1
525 80 1
525 92 1
525 217 1
525 380 1
525 414 1
525 692 1
525 892 1
525 944 1
526 112 1
526 175 1
526 266 1
526 294 1
526 354 1
526 437 1
526 993 1
527 1 1
527 28 1
527 42 1
527 55 1
527 312 1
527 346 1
527 394 1
527 487 1
527 571 1
527 616 1
528 333 1
528 374 1
528 383 1
528 568 1
528 852 1
529 211 1
529 227 1
529 420 1
529 509 1
529 587 1
529 668 1
529 745 1
529 832 1
529 973 1
530 194 1
530 235 1
530 458 1
530 566 1
530 719 1
530 783 1
531 237 1
531 255 1
531 661 1
531 727 1
531 954 1
532 20 1
532 49 1
532 278 1
532 413 1
532 520 1
532 741 1
533 41 1
533 199 1
533 206 1
533 231 1
533 244 1
533 303 1
534 60 1
534 156 1
534 193 1
534 382 1
534 428 1
534 657 1
534 769 1
534 858 1
535 129 1
535 192 1
535 243 1
535 336 1
535 501 1
535 625 1
535 808 1
536 50 1
536 282 1
536 467 1
536 489 1
536 756 1
536 925 1
537 23 1
537 40 1
537 75 1
537 94 1
537 164 1
537 415 1
538 15 1
538 148 1
538 197 1
538 585 1
538 601 1
539 60 1
539 156 1
539 158 1
539 610 1
539 845 1
540 45 1
540 150 1
540 375 1
540 656 1
540 662 1
540 956 1
541 59 1
541 123 1
541 260 1
541 557 1
541 765 1
541 796 1
541 855 1
541 918 1
542 238 1
542 368 1
542 548 1
542 720 1
542 730 1
542 805 1
543 4 1
543 24 1
543 79 1
543 130 1
543 252 1
543 301 1
543 384 1
543 881 1
544 129 1
544 192 1
544 243 1
544 427 1
544 434 1
544 521 1
544 798 1
545 51 1
545 64 1
545 399 1
545 488 1
545 774 1
545 863 1
545 979 1
546 239 1
546 481 1
546 560 1
546 627 1
546 834 1
546 984 1
546 994 1
547 201 1
547 209 1
547 261 1
547 324 1
547 477 1
547 614 1
547 899 1
547 938 1
548 238 1
548 274 1
548 368 1
548 542 1
548 730 1
549 257 1
549 291 1
549 305 1
549 564 1
549 577 1
549 647 1
549 722 1
550 169 1
550 318 1
550 366 1
550 448 1
550 762 1
551 131 1
551 182 1
551 232 1
551 417 1
551 713 1
551 873 1
552 18 1
552 48 1
552 117 1
552 739 1
552 922 1
552 992 1
553 145 1
553 337 1
553 736 1
553 942 1
553 961 1
554 103 1
554 503 1
554 567 1
554 870 1
554 905 1
554 939 1
555 113 1
555 173 1
555 296 1
555 349 1
555 759 1
555 936 1
556 137 1
556 790 1
556 821 1
556 837 1
556 901 1
557 180 1
557 260 1
557 307 1
557 541 1
557 597 1
557 765 1
557 796 1
557 855 1
557 918 1
558 86 1
558 264 1
558 271 1
558 418 1
558 775 1
558 784 1
558 958 1
559 190 1
559 372 1
559 385 1
559 500 1
559 709 1
559 766 1
559 768 1
559 772 1
560 202 1
560 256 1
560 464 1
560 476 1
560 481 1
560 546 1
560 711 1
560 994 1
561 87 1
561 186 1
561 320 1
561 934 1
561 982 1
562 93 1
562 170 1
562 204 1
562 669 1
562 879 1
562 885 1
563 19 1
563 48 1
563 227 1
563 509 1
563 668 1
563 745 1
563 793 1
563 883 1
563 922 1
564 157 1
564 287 1
564 305 1
564 549 1
564 577 1
564 722 1
565 18 1
565 308 1
565 594 1
565 739 1
565 976 1
565 992 1
566 229 1
566 235 1
566 272 1
566 328 1
566 530 1
566 864 1
567 103 1
567 503 1
567 554 1
567 870 1
567 939 1
568 249 1
568 333 1
568 374 1
568 383 1
568 528 1
568 852 1
569 46 1
569 319 1
569 708 1
569 742 1
569 872 1
570 245 1
570 516 1
570 630 1
570 679 1
570 687 1
570 841 1
571 28 1
571 42 1
571 394 1
571 487 1
571 527 1
571 628 1
572 270 1
572 304 1
572 353 1
572 447 1
572 999 1
573 246 1
573 255 1
573 642 1
573 831 1
573 838 1
573 988 1
574 31 1
574 34 1
574 377 1
574 506 1
574 591 1
574 888 1
575 257 1
575 291 1
575 297 1
575 442 1
575 647 1
575 914 1
576 208 1
576 311 1
576 712 1
576 724 1
576 761 1
576 866 1
576 890 1
577 257 1
577 291 1
577 305 1
577 549 1
577 564 1
577 647 1
578 106 1
578 327 1
578 419 1
578 463 1
578 787 1
579 392 1
579 422 1
579 685 1
579 786 1
579 831 1
579 854 1
579 904 1
580 57 1
580 81 1
580 90 1
580 207 1
580 635 1
580 809 1
580 810 1
580 912 1
581 128 1
581 249 1
581 510 1
581 721 1
581 851 1
582 22 1
582 73 1
582 148 1
582 584 1
582 827 1
582 889 1
583 29 1
583 52 1
583 72 1
583 316 1
583 438 1
583 876 1
584 22 1
584 24 1
584 73 1
584 148 1
584 582 1
584 827 1
584 889 1
585 15 1
585 365 1
585 482 1
585 538 1
585 601 1
585 678 1
585 940 1
586 302 1
586 450 1
586 598 1
586 640 1
586 896 1
587 33 1
587 39 1
587 211 1
587 420 1
587 529 1
587 832 1
587 973 1
588 210 1
588 249 1
588 374 1
588 693 1
588 721 1
589 190 1
589 455 1
589 607 1
589 766 1
589 771 1
589 821 1
590 251 1
590 314 1
590 920 1
590 926 1
590 937 1
590 968 1
591 31 1
591 34 1
591 377 1
591 574 1
591 687 1
592 5 1
592 36 1
592 56 1
592 857 1
592 888 1
593 176 1
593 503 1
593 777 1
593 782 1
593 867 1
594 18 1
594 274 1
594 308 1
594 565 1
594 739 1
594 976 1
594 992 1
595 179 1
595 212 1
595 439 1
595 506 1
595 679 1
596 0 1
596 101 1
596 453 1
596 626 1
596 638 1
596 792 1
596 825 1
597 180 1
597 260 1
597 307 1
597 448 1
597 557 1
597 765 1
598 186 1
598 302 1
598 405 1
598 586 1
598 896 1
598 927 1
599 87 1
599 118 1
599 681 1
599 934 1
599 982 1
600 285 1
600 350 1
600 471 1
600 862 1
600 947 1
601 15 1
601 197 1
601 538 1
601 585 1
601 755 1
602 246 1
602 286 1
602 633 1
602 747 1
602 813 1
602 861 1
603 71 1
603 496 1
603 504 1
603 767 1
603 952 1
604 89 1
604 136 1
604 251 1
604 314 1
604 486 1
604 965 1
604 968 1
605 132 1
605 332 1
605 358 1
605 490 1
605 698 1
605 710 1
605 974 1
606 178 1
606 220 1
606 400 1
606 486 1
606 789 1
607 190 1
607 379 1
607 455 1
607 500 1
607 589 1
607 709 1
607 737 1
607 766 1
607 771 1
608 5 1
608 32 1
608 36 1
608 43 1
608 97 1
608 978 1
609 155 1
609 231 1
609 390 1
609 651 1
609 652 1
609 951 1
610 60 1
610 158 1
610 362 1
610 428 1
610 539 1
610 845 1
610 858 1
610 860 1
611 78 1
611 361 1
611 416 1
611 619 1
611 791 1
611 812 1
612 117 1
612 226 1
612 407 1
612 648 1
612 673 1
612 841 1
613 242 1
613 246 1
613 286 1
613 425 1
613 522 1
613 763 1
613 813 1
614 229 1
614 235 1
614 477 1
614 547 1
614 703 1
614 899 1
614 938 1
615 282 1
615 294 1
615 467 1
615 480 1
615 756 1
616 1 1
616 42 1
616 312 1
616 394 1
616 403 1
616 527 1
617 142 1
617 167 1
617 317 1
617 412 1
617 641 1
617 672 1
617 700 1
618 188 1
618 223 1
618 295 1
618 404 1
618 445 1
618 459 1
618 770 1
619 78 1
619 275 1
619 361 1
619 398 1
619 416 1
619 611 1
619 812 1
620 6 1
620 203 1
620 221 1
620 262 1
620 637 1
620 807 1
620 928 1
621 66 1
621 161 1
621 744 1
621 764 1
621 840 1
621 917 1
622 59 1
622 123 1
622 420 1
622 781 1
622 796 1
622 918 1
622 970 1
623 293 1
623 322 1
623 454 1
623 512 1
623 517 1
623 907 1
624 120 1
624 234 1
624 370 1
624 492 1
624 714 1
624 735 1
624 746 1
625 336 1
625 501 1
625 535 1
625 677 1
625 819 1
625 957 1
625 969 1
626 388 1
626 453 1
626 596 1
626 638 1
626 666 1
626 825 1
626 865 1
627 256 1
627 546 1
627 834 1
627 984 1
627 994 1
628 28 1
628 277 1
628 394 1
628 571 1
628 726 1
628 799 1
628 817 1
629 96 1
629 112 1
629 356 1
629 437 1
629 639 1
629 660 1
630 198 1
630 245 1
630 393 1
630 570 1
630 679 1
630 841 1
631 152 1
631 259 1
631 268 1
631 401 1
631 430 1
631 433 1
631 690 1
631 999 1
632 334 1
632 441 1
632 636 1
632 930 1
632 955 1
633 286 1
633 317 1
633 340 1
633 602 1
633 861 1
634 184 1
634 505 1
634 694 1
634 964 1
634 990 1
635 57 1
635 207 1
635 580 1
635 809 1
635 810 1
635 912 1
636 292 1
636 338 1
636 342 1
636 441 1
636 632 1
636 649 1
636 797 1
636 930 1
637 6 1
637 125 1
637 221 1
637 262 1
637 474 1
637 620 1
638 101 1
638 388 1
638 453 1
638 596 1
638 626 1
638 860 1
638 908 1
639 77 1
639 96 1
639 177 1
639 298 1
639 356 1
639 629 1
639 660 1
640 135 1
640 302 1
640 475 1
640 586 1
640 670 1
640 681 1
640 705 1
641 142 1
641 167 1
641 402 1
641 436 1
641 517 1
641 617 1
641 700 1
642 246 1
642 573 1
642 747 1
642 813 1
642 854 1
642 861 1
643 62 1
643 72 1
643 299 1
643 667 1
643 698 1
643 715 1
643 869 1
644 118 1
644 147 1
644 300 1
644 389 1
644 494 1
644 802 1
644 814 1
644 998 1
645 98 1
645 230 1
645 236 1
645 430 1
645 684 1
645 701 1
646 165 1
646 185 1
646 510 1
646 654 1
646 659 1
646 676 1
646 721 1
647 257 1
647 291 1
647 549 1
647 575 1
647 577 1
647 722 1
648 138 1
648 144 1
648 407 1
648 612 1
648 673 1
648 694 1
648 913 1
648 919 1
649 99 1
649 292 1
649 338 1
649 636 1
649 797 1
649 943 1
650 27 1
650 738 1
650 835 1
650 902 1
650 972 1
651 155 1
651 378 1
651 523 1
651 609 1
651 652 1
652 225 1
652 390 1
652 523 1
652 609 1
652 651 1
652 951 1
653 174 1
653 293 1
653 295 1
653 512 1
653 517 1
654 165 1
654 185 1
654 248 1
654 510 1
654 646 1
654 676 1
654 721 1
655 216 1
655 298 1
655 467 1
655 489 1
655 925 1
656 45 1
656 150 1
656 375 1
656 540 1
656 662 1
656 956 1
657 60 1
657 156 1
657 193 1
657 382 1
657 428 1
657 534 1
657 769 1
657 858 1
658 93 1
658 204 1
658 213 1
658 283 1
658 669 1
658 740 1
659 128 1
659 451 1
659 488 1
659 646 1
659 863 1
660 77 1
660 96 1
660 177 1
660 356 1
660 629 1
660 639 1
661 47 1
661 91 1
661 119 1
661 134 1
661 531 1
661 707 1
661 727 1
661 954 1
662 150 1
662 267 1
662 323 1
662 540 1
662 656 1
662 903 1
663 116 1
663 127 1
663 310 1
663 664 1
663 758 1
663 948 1
664 69 1
664 127 1
664 143 1
664 310 1
664 515 1
664 663 1
664 758 1
664 871 1
664 948 1
665 47 1
665 134 1
665 495 1
665 707 1
665 823 1
665 844 1
666 388 1
666 626 1
666 753 1
666 825 1
666 865 1
667 62 1
667 72 1
667 299 1
667 643 1
667 715 1
667 743 1
668 19 1
668 39 1
668 227 1
668 509 1
668 529 1
668 563 1
668 793 1
668 883 1
669 93 1
669 204 1
669 213 1
669 283 1
669 562 1
669 658 1
670 74 1
670 135 1
670 258 1
670 475 1
670 640 1
670 705 1
671 196 1
671 410 1
671 494 1
671 921 1
671 960 1
672 38 1
672 84 1
672 124 1
672 142 1
672 167 1
672 317 1
672 617 1
673 226 1
673 407 1
673 612 1
673 648 1
673 919 1
674 114 1
674 247 1
674 391 1
674 411 1
674 980 1
674 987 1
674 997 1
675 243 1
675 397 1
675 427 1
675 434 1
675 819 1
676 165 1
676 183 1
676 185 1
676 248 1
676 646 1
676 654 1
676 945 1
677 14 1
677 109 1
677 273 1
677 461 1
677 625 1
677 887 1
677 969 1
678 15 1
678 197 1
678 373 1
678 482 1
678 585 1
678 702 1
678 749 1
678 755 1
678 906 1
678 941 1
679 179 1
679 245 1
679 516 1
679 570 1
679 595 1
679 630 1
680 113 1
680 218 1
680 399 1
680 699 1
680 897 1
681 74 1
681 87 1
681 302 1
681 599 1
681 640 1
681 982 1
682 184 1
682 321 1
682 815 1
682 849 1
682 953 1
682 990 1
683 100 1
683 321 1
683 460 1
683 849 1
683 953 1
684 230 1
684 236 1
684 265 1
684 304 1
684 339 1
684 344 1
684 447 1
684 645 1
684 701 1
685 412 1
685 436 1
685 579 1
685 700 1
685 904 1
686 331 1
686 341 1
686 508 1
686 748 1
686 785 1
687 34 1
687 245 1
687 377 1
687 516 1
687 570 1
687 591 1
688 135 1
688 258 1
688 475 1
688 777 1
688 782 1
688 905 1
689 372 1
689 385 1
689 417 1
689 768 1
689 837 1
690 88 1
690 152 1
690 401 1
690 433 1
690 631 1
690 824 1
690 999 1
691 138 1
691 215 1
691 505 1
691 919 1
691 966 1
692 80 1
692 92 1
692 217 1
692 414 1
692 514 1
692 525 1
692 892 1
692 944 1
693 151 1
693 283 1
693 374 1
693 466 1
693 478 1
693 588 1
693 740 1
693 880 1
694 138 1
694 144 1
694 198 1
694 407 1
694 634 1
694 648 1
694 913 1
694 919 1
694 990 1
695 37 1
695 157 1
695 287 1
695 859 1
695 900 1
696 119 1
696 237 1
696 426 1
696 474 1
696 491 1
696 954 1
697 254 1
697 363 1
697 396 1
697 479 1
697 502 1
697 836 1
698 132 1
698 490 1
698 605 1
698 643 1
698 710 1
698 715 1
698 869 1
698 974 1
699 106 1
699 108 1
699 113 1
699 463 1
699 680 1
699 773 1
699 868 1
700 142 1
700 167 1
700 412 1
700 436 1
700 517 1
700 617 1
700 641 1
700 685 1
700 907 1
701 98 1
701 230 1
701 236 1
701 645 1
701 684 1
702 170 1
702 678 1
702 755 1
702 885 1
702 906 1
702 941 1
703 209 1
703 229 1
703 272 1
703 328 1
703 477 1
703 614 1
703 899 1
703 938 1
704 234 1
704 492 1
704 886 1
704 952 1
704 972 1
705 135 1
705 258 1
705 475 1
705 640 1
705 670 1
706 11 1
706 146 1
706 365 1
706 499 1
706 940 1
707 91 1
707 119 1
707 125 1
707 134 1
707 661 1
707 665 1
708 46 1
708 241 1
708 319 1
708 569 1
708 742 1
708 872 1
709 2 1
709 363 1
709 500 1
709 559 1
709 607 1
709 836 1
710 132 1
710 490 1
710 605 1
710 698 1
710 869 1
710 974 1
711 202 1
711 278 1
711 464 1
711 476 1
711 560 1
711 971 1
712 105 1
712 208 1
712 269 1
712 311 1
712 343 1
712 576 1
712 753 1
712 761 1
713 131 1
713 182 1
713 219 1
713 551 1
713 791 1
713 873 1
714 37 1
714 370 1
714 624 1
714 735 1
714 746 1
714 900 1
715 62 1
715 132 1
715 643 1
715 667 1
715 698 1
715 869 1
716 79 1
716 130 1
716 252 1
716 288 1
716 458 1
717 81 1
717 191 1
717 406 1
717 483 1
717 731 1
717 915 1
718 68 1
718 78 1
718 275 1
718 416 1
718 435 1
719 194 1
719 235 1
719 458 1
719 530 1
719 783 1
719 864 1
720 200 1
720 238 1
720 368 1
720 462 1
720 542 1
720 805 1
720 992 1
721 185 1
721 210 1
721 249 1
721 510 1
721 581 1
721 588 1
721 646 1
721 654 1
721 851 1
722 287 1
722 305 1
722 549 1
722 564 1
722 647 1
723 65 1
723 140 1
723 303 1
723 449 1
723 882 1
723 989 1
724 195 1
724 208 1
724 311 1
724 576 1
724 866 1
724 890 1
725 90 1
725 285 1
725 301 1
725 384 1
725 862 1
726 277 1
726 394 1
726 628 1
726 799 1
726 817 1
727 47 1
727 91 1
727 119 1
727 237 1
727 255 1
727 531 1
727 661 1
727 954 1
728 45 1
728 339 1
728 432 1
728 465 1
728 806 1
728 977 1
729 102 1
729 163 1
729 450 1
729 484 1
729 795 1
729 896 1
730 238 1
730 368 1
730 542 1
730 548 1
730 805 1
731 63 1
731 330 1
731 483 1
731 717 1
731 911 1
731 915 1
732 270 1
732 470 1
732 776 1
732 806 1
732 977 1
733 10 1
733 507 1
733 754 1
733 980 1
733 997 1
734 116 1
734 205 1
734 801 1
734 843 1
734 884 1
735 370 1
735 624 1
735 714 1
735 746 1
735 748 1
735 900 1
736 66 1
736 145 1
736 337 1
736 553 1
736 942 1
737 2 1
737 250 1
737 379 1
737 455 1
737 607 1
737 771 1
737 816 1
737 848 1
738 126 1
738 364 1
738 650 1
738 752 1
738 835 1
739 18 1
739 200 1
739 552 1
739 565 1
739 594 1
739 976 1
739 992 1
740 213 1
740 283 1
740 478 1
740 658 1
740 693 1
740 961 1
741 20 1
741 154 1
741 278 1
741 413 1
741 532 1
741 743 1
742 46 1
742 241 1
742 460 1
742 519 1
742 569 1
742 708 1
742 839 1
742 872 1
742 981 1
743 49 1
743 62 1
743 72 1
743 413 1
743 667 1
743 741 1
744 66 1
744 161 1
744 621 1
744 764 1
744 917 1
745 48 1
745 211 1
745 227 1
745 509 1
745 529 1
745 563 1
745 922 1
745 970 1
746 331 1
746 370 1
746 624 1
746 714 1
746 735 1
746 748 1
746 900 1
747 246 1
747 286 1
747 602 1
747 642 1
747 813 1
747 854 1
747 861 1
748 223 1
748 331 1
748 341 1
748 445 1
748 686 1
748 735 1
748 746 1
748 900 1
749 161 1
749 365 1
749 373 1
749 678 1
749 840 1
749 940 1
750 27 1
750 67 1
750 222 1
750 263 1
750 493 1
750 848 1
751 9 1
751 253 1
751 518 1
751 828 1
751 932 1
751 946 1
751 978 1
752 364 1
752 473 1
752 485 1
752 738 1
752 824 1
752 985 1
753 105 1
753 208 1
753 269 1
753 343 1
753 666 1
753 712 1
753 761 1
753 825 1
754 10 1
754 507 1
754 733 1
754 794 1
754 980 1
755 197 1
755 601 1
755 678 1
755 702 1
755 906 1
755 941 1
756 50 1
756 216 1
756 282 1
756 467 1
756 489 1
756 536 1
756 615 1
757 168 1
757 204 1
757 337 1
757 942 1
757 961 1
758 3 1
758 139 1
758 143 1
758 310 1
758 515 1
758 663 1
758 664 1
758 871 1
758 948 1
759 173 1
759 233 1
759 296 1
759 349 1
759 387 1
759 423 1
759 451 1
759 555 1
759 936 1
760 159 1
760 290 1
760 811 1
760 923 1
760 932 1
761 105 1
761 208 1
761 269 1
761 311 1
761 343 1
761 576 1
761 712 1
761 753 1
762 76 1
762 115 1
762 169 1
762 318 1
762 448 1
762 550 1
762 891 1
763 242 1
763 495 1
763 522 1
763 613 1
763 823 1
763 844 1
764 66 1
764 161 1
764 621 1
764 744 1
764 840 1
764 917 1
765 260 1
765 307 1
765 541 1
765 557 1
765 597 1
765 796 1
765 855 1
765 918 1
766 190 1
766 379 1
766 500 1
766 559 1
766 589 1
766 607 1
766 771 1
766 772 1
767 120 1
767 234 1
767 492 1
767 496 1
767 504 1
767 603 1
767 916 1
767 952 1
768 372 1
768 385 1
768 559 1
768 689 1
768 837 1
769 156 1
769 382 1
769 534 1
769 657 1
769 834 1
770 223 1
770 295 1
770 402 1
770 445 1
770 459 1
770 618 1
771 379 1
771 455 1
771 524 1
771 589 1
771 607 1
771 737 1
771 766 1
772 190 1
772 385 1
772 500 1
772 559 1
772 766 1
773 106 1
773 108 1
773 463 1
773 699 1
773 868 1
774 21 1
774 64 1
774 545 1
774 779 1
774 818 1
775 86 1
775 264 1
775 558 1
775 784 1
775 958 1
776 270 1
776 304 1
776 339 1
776 353 1
776 470 1
776 732 1
776 806 1
776 910 1
777 176 1
777 503 1
777 593 1
777 688 1
777 782 1
777 867 1
777 905 1
778 203 1
778 421 1
778 495 1
778 807 1
778 928 1
779 21 1
779 183 1
779 774 1
779 818 1
779 945 1
780 58 1
780 71 1
780 133 1
780 280 1
780 348 1
780 859 1
780 916 1
781 59 1
781 319 1
781 420 1
781 622 1
781 918 1
782 176 1
782 484 1
782 593 1
782 688 1
782 777 1
782 867 1
783 235 1
783 530 1
783 719 1
783 853 1
783 931 1
784 86 1
784 264 1
784 418 1
784 558 1
784 775 1
784 958 1
785 224 1
785 341 1
785 508 1
785 686 1
785 829 1
786 351 1
786 381 1
786 392 1
786 422 1
786 579 1
786 831 1
787 149 1
787 327 1
787 419 1
787 442 1
787 578 1
787 914 1
788 68 1
788 77 1
788 177 1
788 416 1
788 894 1
789 178 1
789 220 1
789 352 1
789 440 1
789 606 1
789 888 1
790 465 1
790 493 1
790 524 1
790 556 1
790 821 1
791 219 1
791 361 1
791 611 1
791 713 1
791 812 1
791 924 1
792 330 1
792 369 1
792 483 1
792 596 1
792 911 1
793 19 1
793 227 1
793 563 1
793 668 1
793 883 1
794 10 1
794 55 1
794 312 1
794 403 1
794 507 1
794 754 1
794 878 1
794 935 1
795 102 1
795 450 1
795 484 1
795 729 1
795 896 1
796 59 1
796 123 1
796 541 1
796 557 1
796 622 1
796 765 1
796 918 1
797 99 1
797 292 1
797 338 1
797 441 1
797 636 1
797 649 1
797 943 1
798 129 1
798 192 1
798 243 1
798 326 1
798 397 1
798 521 1
798 544 1
798 850 1
799 355 1
799 628 1
799 726 1
799 817 1
799 830 1
800 99 1
800 359 1
800 414 1
800 833 1
800 875 1
800 944 1
801 115 1
801 116 1
801 360 1
801 734 1
801 891 1
802 74 1
802 118 1
802 147 1
802 284 1
802 389 1
802 644 1
802 847 1
803 44 1
803 297 1
803 446 1
803 511 1
803 909 1
804 174 1
804 295 1
804 329 1
804 454 1
804 497 1
804 829 1
805 82 1
805 187 1
805 238 1
805 360 1
805 368 1
805 462 1
805 542 1
805 720 1
805 730 1
806 270 1
806 470 1
806 728 1
806 732 1
806 776 1
806 910 1
807 6 1
807 203 1
807 262 1
807 620 1
807 778 1
807 928 1
808 26 1
808 83 1
808 336 1
808 395 1
808 535 1
809 57 1
809 81 1
809 90 1
809 207 1
809 580 1
809 635 1
809 810 1
809 912 1
810 7 1
810 57 1
810 580 1
810 635 1
810 809 1
811 159 1
811 290 1
811 498 1
811 760 1
811 923 1
811 932 1
812 16 1
812 219 1
812 361 1
812 611 1
812 619 1
812 791 1
813 246 1
813 286 1
813 602 1
813 613 1
813 642 1
813 747 1
813 861 1
814 279 1
814 300 1
814 320 1
814 409 1
814 644 1
814 998 1
815 8 1
815 682 1
815 849 1
815 920 1
815 926 1
815 937 1
816 2 1
816 250 1
816 309 1
816 345 1
816 479 1
816 737 1
817 153 1
817 355 1
817 628 1
817 726 1
817 799 1
817 830 1
818 21 1
818 183 1
818 774 1
818 779 1
818 945 1
819 243 1
819 427 1
819 434 1
819 501 1
819 625 1
819 675 1
820 65 1
820 140 1
820 163 1
820 176 1
820 867 1
821 524 1
821 556 1
821 589 1
821 790 1
821 901 1
822 106 1
822 149 1
822 172 1
822 218 1
822 376 1
822 446 1
822 868 1
823 242 1
823 495 1
823 522 1
823 665 1
823 763 1
823 844 1
824 88 1
824 152 1
824 401 1
824 690 1
824 752 1
824 999 1
825 388 1
825 596 1
825 626 1
825 666 1
825 753 1
825 865 1
826 13 1
826 30 1
826 70 1
826 171 1
826 853 1
826 931 1
827 22 1
827 73 1
827 148 1
827 582 1
827 584 1
827 862 1
827 889 1
828 159 1
828 160 1
828 313 1
828 452 1
828 751 1
829 224 1
829 329 1
829 341 1
829 445 1
829 497 1
829 508 1
829 785 1
829 804 1
830 166 1
830 355 1
830 421 1
830 799 1
830 817 1
831 351 1
831 381 1
831 392 1
831 422 1
831 573 1
831 579 1
831 786 1
832 33 1
832 39 1
832 319 1
832 420 1
832 529 1
832 587 1
832 973 1
833 359 1
833 414 1
833 800 1
833 944 1
833 955 1
834 239 1
834 382 1
834 481 1
834 546 1
834 627 1
834 769 1
834 984 1
834 994 1
835 27 1
835 650 1
835 738 1
835 902 1
835 972 1
836 2 1
836 363 1
836 479 1
836 502 1
836 697 1
836 709 1
837 137 1
837 232 1
837 417 1
837 556 1
837 689 1
837 768 1
837 901 1
838 242 1
838 289 1
838 425 1
838 522 1
838 573 1
838 988 1
839 46 1
839 215 1
839 386 1
839 519 1
839 742 1
839 964 1
839 966 1
839 981 1
840 161 1
840 373 1
840 621 1
840 749 1
840 764 1
840 917 1
841 144 1
841 245 1
841 393 1
841 516 1
841 570 1
841 612 1
841 630 1
842 40 1
842 52 1
842 75 1
842 276 1
842 316 1
842 371 1
843 3 1
843 107 1
843 139 1
843 162 1
843 189 1
843 205 1
843 734 1
844 242 1
844 495 1
844 522 1
844 665 1
844 763 1
844 823 1
845 0 1
845 63 1
845 158 1
845 362 1
845 539 1
845 610 1
846 27 1
846 67 1
846 222 1
846 309 1
846 848 1
846 893 1
846 902 1
846 972 1
847 74 1
847 118 1
847 147 1
847 284 1
847 389 1
847 802 1
848 67 1
848 263 1
848 309 1
848 737 1
848 750 1
848 846 1
849 8 1
849 682 1
849 683 1
849 815 1
849 953 1
850 43 1
850 326 1
850 397 1
850 518 1
850 521 1
850 798 1
851 128 1
851 233 1
851 349 1
851 581 1
851 721 1
852 249 1
852 333 1
852 374 1
852 383 1
852 528 1
852 568 1
853 13 1
853 30 1
853 288 1
853 523 1
853 783 1
853 826 1
853 931 1
854 340 1
854 392 1
854 579 1
854 642 1
854 747 1
854 904 1
855 180 1
855 541 1
855 557 1
855 765 1
855 918 1
856 23 1
856 75 1
856 299 1
856 316 1
856 415 1
857 5 1
857 36 1
857 56 1
857 97 1
857 592 1
858 60 1
858 193 1
858 428 1
858 534 1
858 610 1
858 657 1
858 860 1
858 908 1
858 959 1
859 37 1
859 133 1
859 157 1
859 280 1
859 348 1
859 695 1
859 780 1
860 428 1
860 610 1
860 638 1
860 858 1
860 908 1
860 959 1
861 286 1
861 602 1
861 633 1
861 642 1
861 747 1
861 813 1
862 285 1
862 350 1
862 471 1
862 600 1
862 725 1
862 827 1
862 947 1
863 51 1
863 451 1
863 488 1
863 545 1
863 659 1
863 979 1
864 194 1
864 328 1
864 566 1
864 719 1
864 865 1
865 194 1
865 626 1
865 666 1
865 825 1
865 864 1
866 311 1
866 576 1
866 724 1
866 908 1
866 959 1
867 176 1
867 593 1
867 777 1
867 782 1
867 820 1
868 106 1
868 108 1
868 218 1
868 463 1
868 699 1
868 773 1
868 822 1
869 49 1
869 132 1
869 490 1
869 643 1
869 698 1
869 710 1
869 715 1
870 103 1
870 503 1
870 554 1
870 567 1
870 905 1
870 939 1
871 69 1
871 127 1
871 664 1
871 758 1
871 948 1
872 46 1
872 241 1
872 569 1
872 708 1
872 742 1
872 981 1
873 16 1
873 131 1
873 137 1
873 417 1
873 551 1
873 713 1
874 240 1
874 456 1
874 921 1
874 933 1
874 975 1
875 99 1
875 273 1
875 359 1
875 800 1
875 943 1
876 29 1
876 154 1
876 438 1
876 469 1
876 583 1
877 104 1
877 110 1
877 166 1
877 380 1
877 421 1
878 98 1
878 122 1
878 507 1
878 794 1
878 935 1
878 995 1
879 93 1
879 170 1
879 204 1
879 562 1
879 885 1
880 151 1
880 374 1
880 383 1
880 466 1
880 478 1
880 693 1
880 961 1
881 4 1
881 79 1
881 95 1
881 384 1
881 543 1
881 996 1
882 65 1
882 140 1
882 390 1
882 723 1
882 951 1
883 19 1
883 48 1
883 226 1
883 563 1
883 668 1
883 793 1
884 53 1
884 115 1
884 169 1
884 205 1
884 366 1
884 734 1
884 891 1
885 170 1
885 562 1
885 702 1
885 879 1
885 941 1
886 234 1
886 315 1
886 404 1
886 492 1
886 704 1
887 14 1
887 109 1
887 273 1
887 461 1
887 677 1
888 178 1
888 440 1
888 506 1
888 574 1
888 592 1
888 789 1
889 22 1
889 146 1
889 148 1
889 582 1
889 584 1
889 827 1
890 195 1
890 256 1
890 311 1
890 576 1
890 724 1
891 76 1
891 82 1
891 115 1
891 360 1
891 366 1
891 762 1
891 801 1
891 884 1
892 217 1
892 414 1
892 525 1
892 692 1
892 955 1
893 309 1
893 345 1
893 846 1
893 902 1
893 972 1
894 68 1
894 77 1
894 177 1
894 416 1
894 788 1
895 357 1
895 405 1
895 927 1
895 950 1
895 991 1
896 102 1
896 163 1
896 357 1
896 405 1
896 450 1
896 586 1
896 598 1
896 729 1
896 795 1
896 927 1
897 51 1
897 64 1
897 113 1
897 387 1
897 399 1
897 680 1
898 86 1
898 325 1
898 429 1
898 929 1
898 958 1
899 235 1
899 477 1
899 547 1
899 614 1
899 703 1
899 938 1
900 37 1
900 695 1
900 714 1
900 735 1
900 746 1
900 748 1
901 137 1
901 232 1
901 417 1
901 556 1
901 821 1
901 837 1
902 27 1
902 67 1
902 222 1
902 650 1
902 835 1
902 846 1
902 893 1
902 972 1
903 150 1
903 267 1
903 323 1
903 662 1
903 986 1
904 340 1
904 392 1
904 412 1
904 579 1
904 685 1
904 854 1
905 503 1
905 554 1
905 688 1
905 777 1
905 870 1
906 197 1
906 678 1
906 702 1
906 755 1
906 941 1
907 293 1
907 322 1
907 436 1
907 517 1
907 623 1
907 700 1
908 388 1
908 453 1
908 638 1
908 858 1
908 860 1
908 866 1
908 959 1
909 21 1
909 44 1
909 85 1
909 297 1
909 446 1
909 511 1
909 803 1
910 230 1
910 304 1
910 339 1
910 432 1
910 470 1
910 776 1
910 806 1
911 330 1
911 369 1
911 483 1
911 731 1
911 792 1
911 915 1
912 207 1
912 285 1
912 580 1
912 635 1
912 809 1
913 144 1
913 198 1
913 393 1
913 407 1
913 648 1
913 694 1
914 297 1
914 419 1
914 442 1
914 575 1
914 787 1
915 330 1
915 483 1
915 717 1
915 731 1
915 911 1
916 58 1
916 496 1
916 504 1
916 767 1
916 780 1
917 66 1
917 161 1
917 621 1
917 744 1
917 764 1
917 840 1
918 59 1
918 541 1
918 557 1
918 622 1
918 765 1
918 781 1
918 796 1
918 855 1
919 138 1
919 226 1
919 505 1
919 648 1
919 673 1
919 691 1
919 694 1
920 393 1
920 590 1
920 815 1
920 926 1
920 937 1
921 196 1
921 240 1
921 410 1
921 456 1
921 671 1
921 874 1
921 933 1
921 960 1
921 975 1
922 19 1
922 48 1
922 117 1
922 552 1
922 563 1
922 745 1
923 290 1
923 498 1
923 760 1
923 811 1
923 932 1
924 17 1
924 112 1
924 219 1
924 356 1
924 791 1
925 216 1
925 298 1
925 467 1
925 489 1
925 536 1
925 655 1
926 8 1
926 251 1
926 590 1
926 815 1
926 920 1
926 937 1
927 357 1
927 405 1
927 598 1
927 895 1
927 896 1
927 950 1
927 991 1
928 6 1
928 203 1
928 262 1
928 620 1
928 778 1
928 807 1
929 26 1
929 129 1
929 192 1
929 325 1
929 429 1
929 898 1
930 334 1
930 367 1
930 441 1
930 632 1
930 636 1
930 955 1
930 967 1
931 13 1
931 30 1
931 70 1
931 171 1
931 783 1
931 826 1
931 853 1
932 159 1
932 751 1
932 760 1
932 811 1
932 923 1
932 946 1
933 196 1
933 240 1
933 281 1
933 444 1
933 456 1
933 874 1
933 921 1
933 975 1
934 87 1
934 279 1
934 320 1
934 561 1
934 599 1
934 982 1
935 55 1
935 122 1
935 312 1
935 794 1
935 878 1
935 995 1
936 173 1
936 296 1
936 349 1
936 555 1
936 759 1
937 8 1
937 590 1
937 815 1
937 920 1
937 926 1
938 201 1
938 209 1
938 261 1
938 324 1
938 477 1
938 547 1
938 614 1
938 703 1
938 899 1
939 103 1
939 175 1
939 468 1
939 554 1
939 567 1
939 870 1
940 11 1
940 146 1
940 365 1
940 499 1
940 585 1
940 706 1
940 749 1
941 170 1
941 678 1
941 702 1
941 755 1
941 885 1
941 906 1
942 145 1
942 168 1
942 337 1
942 553 1
942 736 1
942 757 1
942 961 1
943 99 1
943 292 1
943 359 1
943 649 1
943 797 1
943 875 1
944 359 1
944 414 1
944 525 1
944 692 1
944 800 1
944 833 1
944 955 1
945 165 1
945 183 1
945 248 1
945 676 1
945 779 1
945 818 1
946 9 1
946 14 1
946 253 1
946 397 1
946 751 1
946 932 1
947 285 1
947 350 1
947 471 1
947 600 1
947 862 1
948 69 1
948 116 1
948 127 1
948 139 1
948 310 1
948 663 1
948 664 1
948 758 1
948 871 1
949 25 1
949 104 1
949 166 1
949 347 1
949 355 1
949 983 1
950 357 1
950 405 1
950 895 1
950 927 1
950 991 1
951 225 1
951 390 1
951 523 1
951 609 1
951 652 1
951 882 1
952 234 1
952 496 1
952 504 1
952 603 1
952 704 1
952 767 1
953 8 1
953 100 1
953 682 1
953 683 1
953 849 1
954 91 1
954 119 1
954 125 1
954 237 1
954 426 1
954 491 1
954 531 1
954 661 1
954 696 1
954 727 1
955 414 1
955 441 1
955 632 1
955 833 1
955 892 1
955 930 1
955 944 1
956 150 1
956 230 1
956 375 1
956 540 1
956 656 1
957 273 1
957 336 1
957 501 1
957 625 1
957 969 1
958 264 1
958 558 1
958 775 1
958 784 1
958 898 1
959 193 1
959 858 1
959 860 1
959 866 1
959 908 1
960 196 1
960 410 1
960 494 1
960 671 1
960 921 1
961 151 1
961 168 1
961 283 1
961 337 1
961 466 1
961 478 1
961 553 1
961 740 1
961 757 1
961 880 1
961 942 1
962 32 1
962 178 1
962 352 1
962 440 1
962 452 1
963 12 1
963 136 1
963 160 1
963 214 1
963 220 1
963 290 1
963 408 1
964 184 1
964 321 1
964 386 1
964 519 1
964 634 1
964 839 1
964 990 1
965 89 1
965 136 1
965 179 1
965 400 1
965 439 1
965 486 1
965 604 1
966 215 1
966 519 1
966 691 1
966 839 1
966 981 1
967 334 1
967 335 1
967 367 1
967 472 1
967 930 1
968 136 1
968 251 1
968 314 1
968 590 1
968 604 1
969 109 1
969 273 1
969 461 1
969 625 1
969 677 1
969 957 1
970 18 1
970 123 1
970 211 1
970 509 1
970 622 1
970 745 1
970 976 1
971 154 1
971 202 1
971 464 1
971 469 1
971 711 1
972 27 1
972 309 1
972 345 1
972 650 1
972 704 1
972 835 1
972 846 1
972 893 1
972 902 1
973 33 1
973 39 1
973 420 1
973 529 1
973 587 1
973 832 1
974 332 1
974 358 1
974 490 1
974 605 1
974 698 1
974 710 1
975 196 1
975 240 1
975 281 1
975 444 1
975 456 1
975 874 1
975 921 1
975 933 1
976 18 1
976 308 1
976 565 1
976 594 1
976 739 1
976 970 1
977 432 1
977 465 1
977 493 1
977 728 1
977 732 1
978 32 1
978 43 1
978 253 1
978 518 1
978 608 1
978 751 1
979 51 1
979 64 1
979 399 1
979 488 1
979 545 1
979 863 1
980 10 1
980 54 1
980 114 1
980 391 1
980 411 1
980 674 1
980 733 1
980 754 1
980 987 1
980 997 1
981 46 1
981 215 1
981 519 1
981 742 1
981 839 1
981 872 1
981 966 1
982 87 1
982 186 1
982 320 1
982 561 1
982 599 1
982 681 1
982 934 1
983 25 1
983 104 1
983 166 1
983 347 1
983 949 1
984 239 1
984 481 1
984 546 1
984 627 1
984 834 1
985 141 1
985 473 1
985 485 1
985 513 1
985 752 1
986 131 1
986 182 1
986 267 1
986 323 1
986 903 1
987 114 1
987 247 1
987 391 1
987 411 1
987 674 1
987 980 1
988 246 1
988 255 1
988 289 1
988 425 1
988 573 1
988 838 1
989 50 1
989 282 1
989 303 1
989 431 1
989 449 1
989 723 1
990 184 1
990 505 1
990 634 1
990 682 1
990 694 1
990 964 1
991 70 1
991 357 1
991 405 1
991 895 1
991 927 1
991 950 1
992 200 1
992 552 1
992 565 1
992 594 1
992 720 1
992 739 1
993 96 1
993 175 1
993 266 1
993 294 1
993 354 1
993 437 1
993 526 1
994 256 1
994 481 1
994 546 1
994 560 1
994 627 1
994 834 1
995 42 1
995 55 1
995 122 1
995 312 1
995 878 1
995 935 1
996 4 1
996 90 1
996 95 1
996 191 1
996 384 1
996 406 1
996 881 1
997 35 1
997 54 1
997 411 1
997 674 1
997 733 1
997 980 1
998 284 1
998 389 1
998 494 1
998 644 1
998 814 1
999 152 1
999 259 1
999 364 1
999 401 1
999 572 1
999 631 1
999 690 1
999 824 1
